,alpha_1_v1,alpha_1_v2,alpha_1_v3,alpha_2_v1,alpha_2_v2,alpha_2_v3,delta_alpha_v1,delta_alpha_v2,delta_alpha_v3,delta_zx,delta_zy,im,templete
0,23,15,37,12,15,13,-11,0,-24,-10,-15,1788.png,templete1787.png
1,10,0,14,8,0,10,-2,0,-4,-3,-3,387.png,templete386.png
2,7,26,50,17,31,28,10,5,-22,-26,-5,1316.png,templete1315.png
3,11,0,29,16,0,40,5,0,11,8,8,1791.png,templete1790.png
4,3,42,8,38,50,0,35,8,-8,-36,8,1428.png,templete1427.png
5,41,18,7,28,38,8,-13,20,1,0,-24,1.png,templete0.png
6,50,50,50,50,50,17,0,0,-33,-34,-10,464.png,templete463.png
7,50,36,2,29,22,16,-21,-14,14,28,4,1280.png,templete1279.png
8,0,0,10,11,32,46,11,32,36,28,-14,168.png,templete167.png
9,50,0,16,40,8,24,-10,8,8,10,-6,1732.png,templete1731.png
10,30,23,23,50,3,27,20,-20,4,-6,32,1690.png,templete1689.png
11,38,0,29,41,0,39,3,0,10,5,5,961.png,templete960.png
12,0,0,50,37,24,50,37,24,0,-21,10,1082.png,templete1081.png
13,46,0,50,43,27,40,-3,27,-10,-12,-28,1422.png,templete1421.png
14,48,40,46,50,17,50,2,-23,4,10,31,1581.png,templete1580.png
15,0,37,5,0,19,44,0,-18,39,43,28,248.png,templete247.png
16,38,44,0,9,32,0,-29,-12,0,24,-6,802.png,templete801.png
17,8,33,48,34,6,25,26,-27,-23,-35,40,286.png,templete285.png
18,44,50,3,25,50,0,-19,0,-3,13,-13,489.png,templete488.png
19,0,14,28,0,15,3,0,1,-25,-19,-5,679.png,templete678.png
20,0,18,50,31,24,50,31,6,0,-17,21,1251.png,templete1250.png
21,14,50,9,0,50,14,-14,0,5,7,-6,118.png,templete117.png
22,50,50,30,27,25,50,-23,-25,20,45,17,906.png,templete905.png
23,15,27,2,0,6,22,-15,-21,20,24,16,1071.png,templete1070.png
24,50,34,0,50,31,31,0,-3,31,24,11,1276.png,templete1275.png
25,32,0,50,50,0,50,18,0,0,-12,20,384.png,templete383.png
26,37,50,50,50,50,38,13,0,-12,-26,8,1953.png,templete1952.png
27,17,22,22,0,50,42,-17,28,20,25,-40,1159.png,templete1158.png
28,50,0,36,43,0,39,-7,0,3,8,-3,416.png,templete415.png
29,0,31,22,21,50,18,21,19,-4,-18,-13,918.png,templete917.png
30,0,7,35,37,35,45,37,28,10,-15,2,1015.png,templete1014.png
31,0,47,0,0,9,34,0,-38,34,37,45,1059.png,templete1058.png
32,24,21,50,0,38,50,-24,17,0,12,-33,19.png,templete18.png
33,36,11,22,50,0,50,14,-11,28,19,37,1172.png,templete1171.png
34,50,15,34,50,31,8,0,16,-26,-26,-25,1214.png,templete1213.png
35,0,20,50,0,5,50,0,-15,0,4,16,474.png,templete473.png
36,6,0,50,0,0,50,-6,0,0,1,-1,190.png,templete189.png
37,0,0,50,19,24,28,19,24,-22,-31,-13,1400.png,templete1399.png
38,42,43,0,37,50,16,-5,7,16,9,-6,122.png,templete121.png
39,9,0,50,34,0,50,25,0,0,-13,21,1449.png,templete1448.png
40,50,34,11,50,2,35,0,-32,24,27,37,1847.png,templete1846.png
41,0,43,40,10,29,3,10,-14,-37,-34,13,380.png,templete379.png
42,38,16,30,33,39,50,-5,23,20,21,-21,1546.png,templete1545.png
43,50,41,0,50,5,0,0,-36,0,10,35,1510.png,templete1509.png
44,20,0,40,17,16,31,-3,16,-9,-5,-15,722.png,templete721.png
45,38,32,17,0,32,39,-38,0,22,52,-22,1492.png,templete1491.png
46,0,50,30,0,48,43,0,-2,13,14,2,1543.png,templete1542.png
47,0,21,31,0,20,0,0,-1,-31,-20,-7,1204.png,templete1203.png
48,33,38,50,50,26,14,17,-12,-36,-51,17,1818.png,templete1817.png
49,50,0,33,31,0,16,-19,0,-17,0,-18,1296.png,templete1295.png
50,23,0,50,36,33,37,13,33,-13,-26,-24,243.png,templete242.png
51,37,17,50,50,14,50,13,-3,0,-7,19,17.png,templete16.png
52,22,50,50,7,40,25,-15,-10,-25,-15,-5,1343.png,templete1342.png
53,10,38,50,31,35,50,21,-3,0,-14,19,1969.png,templete1968.png
54,0,1,0,38,0,18,38,-1,18,-11,32,1730.png,templete1729.png
55,0,0,12,0,0,42,0,0,30,27,8,1749.png,templete1748.png
56,0,36,25,0,0,48,0,-36,23,33,39,382.png,templete381.png
57,19,15,0,0,0,9,-19,-15,9,16,3,839.png,templete838.png
58,4,50,30,9,33,34,5,-17,4,1,22,1012.png,templete1011.png
59,34,21,0,45,38,0,11,17,0,-14,-9,1365.png,templete1364.png
60,11,24,50,0,49,29,-11,25,-21,-21,-43,1964.png,templete1963.png
61,0,41,36,0,50,36,0,9,0,0,-10,1994.png,templete1993.png
62,22,21,50,0,50,15,-22,29,-35,-26,-62,530.png,templete529.png
63,17,0,32,50,0,30,33,0,-2,-28,32,685.png,templete684.png
64,22,50,26,33,50,7,11,0,-19,-23,1,1977.png,templete1976.png
65,31,24,50,22,46,19,-9,22,-31,-34,-45,1252.png,templete1251.png
66,0,0,19,7,25,18,7,25,-1,-8,-16,1712.png,templete1711.png
67,50,12,37,36,0,45,-14,-12,8,20,0,1447.png,templete1446.png
68,6,27,17,44,0,35,38,-27,18,-9,60,1267.png,templete1266.png
69,47,36,0,50,50,0,3,14,0,-9,-17,272.png,templete271.png
70,10,0,0,37,8,0,27,8,0,-19,16,334.png,templete333.png
71,48,0,26,50,39,49,2,39,23,16,-25,1768.png,templete1767.png
72,33,50,50,50,48,50,17,-2,0,-15,19,1919.png,templete1918.png
73,29,50,50,0,18,47,-29,-32,-3,25,18,628.png,templete627.png
74,12,36,40,37,50,50,25,14,10,-10,3,1952.png,templete1951.png
75,4,0,39,4,0,25,0,0,-14,-8,-3,706.png,templete705.png
76,22,0,25,50,0,6,28,0,-19,-35,15,1196.png,templete1195.png
77,16,44,28,47,7,20,31,-37,-8,-21,64,1192.png,templete1191.png
78,26,0,50,32,0,40,6,0,-10,-11,2,1272.png,templete1271.png
79,0,33,27,0,50,23,0,17,-4,-10,-24,217.png,templete216.png
80,50,5,0,50,39,0,0,34,0,-12,-30,1511.png,templete1510.png
81,50,17,50,23,38,32,-27,21,-18,-3,-55,1454.png,templete1453.png
82,49,13,23,37,0,21,-12,-13,-2,8,-2,1536.png,templete1535.png
83,47,50,0,50,19,0,3,-31,0,7,38,1259.png,templete1258.png
84,50,22,21,12,2,37,-38,-20,16,43,-11,289.png,templete288.png
85,9,6,0,40,43,0,31,37,0,-39,-17,1637.png,templete1636.png
86,34,2,18,47,10,0,13,8,-18,-21,0,1648.png,templete1647.png
87,30,42,50,31,48,15,1,6,-35,-44,-18,1049.png,templete1048.png
88,26,50,20,37,50,29,11,0,9,0,6,1424.png,templete1423.png
89,45,29,17,40,30,40,-5,1,23,23,0,1841.png,templete1840.png
90,28,38,8,18,7,45,-10,-31,37,43,26,2.png,templete1.png
91,0,25,50,31,21,50,31,-4,0,-16,27,778.png,templete777.png
92,50,4,2,50,15,34,0,11,32,20,6,1213.png,templete1212.png
93,40,0,50,47,8,23,7,8,-27,-27,-4,152.png,templete151.png
94,35,30,50,45,26,50,10,-4,0,-8,19,1088.png,templete1087.png
95,50,27,0,16,15,0,-34,-12,0,23,-16,194.png,templete193.png
96,6,32,0,0,32,24,-6,0,24,18,0,1660.png,templete1659.png
97,23,38,32,50,20,37,27,-18,5,-11,42,1455.png,templete1454.png
98,3,42,12,0,50,0,-3,8,-12,-10,-15,246.png,templete245.png
99,17,16,31,0,6,25,-17,-10,-6,6,-6,723.png,templete722.png
100,50,13,25,23,24,50,-27,11,25,45,-23,972.png,templete971.png
101,27,34,34,11,30,50,-16,-4,16,28,-7,354.png,templete353.png
102,31,50,31,50,32,12,19,-18,-19,-25,31,1233.png,templete1232.png
103,50,50,45,20,50,50,-30,0,5,31,-27,1064.png,templete1063.png
104,17,50,48,0,50,14,-17,0,-34,-25,-18,256.png,templete255.png
105,5,0,50,34,11,50,29,11,0,-16,17,1026.png,templete1025.png
106,50,10,39,37,5,31,-13,-5,-8,3,-9,1102.png,templete1101.png
107,31,0,30,13,0,13,-18,0,-17,2,-21,832.png,templete831.png
108,37,50,29,49,44,50,12,-6,21,15,26,1425.png,templete1424.png
109,14,50,0,0,50,0,-14,0,0,8,-9,1220.png,templete1219.png
110,30,17,40,29,50,8,-1,33,-32,-39,-48,1283.png,templete1282.png
111,50,0,46,40,0,50,-10,0,4,13,-5,479.png,templete478.png
112,50,0,0,35,0,5,-15,0,5,10,-8,734.png,templete733.png
113,50,47,50,43,50,40,-7,3,-10,-8,-14,1417.png,templete1416.png
114,0,22,0,0,47,0,0,25,0,-6,-26,1941.png,templete1940.png
115,36,50,22,31,50,42,-5,0,20,25,-1,1387.png,templete1386.png
116,20,31,30,17,50,50,-3,19,20,22,-26,1851.png,templete1850.png
117,15,0,50,20,0,50,5,0,0,-3,6,253.png,templete252.png
118,27,0,34,50,1,42,23,1,8,-7,26,368.png,templete367.png
119,50,50,50,11,24,50,-39,-26,0,43,1,1963.png,templete1962.png
120,20,16,43,13,50,50,-7,34,7,8,-49,1112.png,templete1111.png
121,34,5,0,8,0,3,-26,-5,3,16,-15,1201.png,templete1200.png
122,46,8,21,13,24,0,-33,16,-21,6,-44,1897.png,templete1896.png
123,7,10,50,40,0,50,33,-10,0,-17,36,888.png,templete887.png
124,19,34,42,0,35,47,-19,1,5,15,-8,1009.png,templete1008.png
125,50,27,17,50,30,28,0,3,11,6,0,1175.png,templete1174.png
126,0,14,4,0,3,23,0,-11,19,14,10,1635.png,templete1634.png
127,17,36,50,0,50,35,-17,14,-15,-7,-33,176.png,templete175.png
128,48,0,50,50,0,50,2,0,0,0,3,38.png,templete37.png
129,37,19,4,9,0,0,-28,-19,-4,21,-2,1002.png,templete1001.png
130,0,50,37,28,50,50,28,0,13,-2,17,178.png,templete177.png
131,50,0,7,35,8,26,-15,8,19,22,-7,1532.png,templete1531.png
132,32,0,39,43,25,50,11,25,11,3,-5,636.png,templete635.png
133,50,50,10,23,50,0,-27,0,-10,10,-26,1862.png,templete1861.png
134,0,1,16,17,0,0,17,-1,-16,-15,6,535.png,templete534.png
135,50,25,0,40,28,37,-10,3,37,34,1,894.png,templete893.png
136,0,0,37,0,4,14,0,4,-23,-15,-5,1504.png,templete1503.png
137,42,50,34,39,11,35,-3,-39,1,11,47,1041.png,templete1040.png
138,36,0,0,13,0,0,-23,0,0,12,-13,166.png,templete165.png
139,50,15,0,50,15,3,0,0,3,-1,1,758.png,templete757.png
140,7,50,20,0,50,0,-7,0,-20,-16,-6,33.png,templete32.png
141,0,50,13,4,24,0,4,-26,-13,1,26,1703.png,templete1702.png
142,11,0,1,3,0,0,-8,0,-1,5,-5,1502.png,templete1501.png
143,9,0,0,0,0,2,-9,0,2,4,-3,1003.png,templete1002.png
144,14,42,39,0,50,50,-14,8,11,20,-19,1132.png,templete1131.png
145,50,2,0,22,40,30,-28,38,30,35,-53,1124.png,templete1123.png
146,0,50,22,7,50,50,7,0,28,32,5,947.png,templete946.png
147,0,0,7,27,0,34,27,0,27,9,24,367.png,templete366.png
148,49,35,25,50,50,50,1,15,25,27,-8,1236.png,templete1235.png
149,25,33,31,0,50,21,-25,17,-10,1,-44,638.png,templete637.png
150,41,43,50,8,18,25,-33,-25,-25,2,-4,1056.png,templete1055.png
151,50,0,28,14,0,0,-36,0,-28,5,-36,1777.png,templete1776.png
152,22,20,27,22,48,0,0,28,-27,-34,-44,573.png,templete572.png
153,0,50,50,0,50,50,0,0,0,1,0,1340.png,templete1339.png
154,14,24,0,16,16,0,2,-8,0,0,6,63.png,templete62.png
155,50,2,50,50,39,50,0,37,0,-6,-39,608.png,templete607.png
156,13,50,50,0,50,33,-13,0,-17,-12,-15,1113.png,templete1112.png
157,25,50,21,49,18,5,24,-32,-16,-26,49,732.png,templete731.png
158,32,0,40,50,0,50,18,0,10,-2,21,1273.png,templete1272.png
159,27,18,11,50,34,0,23,16,-11,-26,-1,172.png,templete171.png
160,14,38,7,23,2,19,9,-36,12,11,40,563.png,templete562.png
161,36,43,50,16,50,50,-20,7,0,14,-28,1084.png,templete1083.png
162,41,0,21,18,7,23,-23,7,2,13,-18,1406.png,templete1405.png
163,3,19,26,40,50,32,37,31,6,-30,-11,295.png,templete294.png
164,50,17,21,18,0,0,-32,-17,-21,8,-20,1500.png,templete1499.png
165,19,3,25,27,0,0,8,-3,-25,-29,0,1971.png,templete1970.png
166,9,20,0,19,15,0,10,-5,0,-4,10,838.png,templete837.png
167,34,27,0,0,37,0,-34,10,0,18,-36,836.png,templete835.png
168,50,16,50,50,16,50,0,0,0,1,1,904.png,templete903.png
169,50,7,36,50,33,23,0,26,-13,-17,-30,1772.png,templete1771.png
170,17,17,9,44,2,0,27,-15,-9,-19,26,1785.png,templete1784.png
171,50,41,37,50,50,26,0,9,-11,-15,-14,1461.png,templete1460.png
172,1,50,27,36,32,8,35,-18,-19,-35,40,1587.png,templete1586.png
173,39,38,0,31,39,25,-8,1,25,23,-2,1353.png,templete1352.png
174,14,50,6,21,50,45,7,0,39,37,12,641.png,templete640.png
175,23,0,11,39,0,16,16,0,5,-9,13,1308.png,templete1307.png
176,0,28,23,0,50,30,0,22,7,0,-27,1542.png,templete1541.png
177,0,50,11,12,26,29,12,-24,18,18,37,1870.png,templete1869.png
178,20,23,50,45,22,50,25,-1,0,-17,25,752.png,templete751.png
179,0,0,10,0,0,17,0,0,7,3,1,87.png,templete86.png
180,25,0,0,23,15,37,-2,15,37,28,-1,1787.png,templete1786.png
181,0,41,50,33,50,50,33,9,0,-22,11,1918.png,templete1917.png
182,19,0,26,1,28,0,-18,28,-26,-17,-42,1242.png,templete1241.png
183,0,50,31,0,50,50,0,0,19,25,3,1052.png,templete1051.png
184,48,40,0,50,50,2,2,10,2,-7,-10,92.png,templete91.png
185,50,50,14,50,50,21,0,0,7,5,1,987.png,templete986.png
186,8,50,3,0,50,0,-8,0,-3,2,-3,1888.png,templete1887.png
187,0,1,24,0,0,50,0,-1,26,29,7,883.png,templete882.png
188,39,3,0,32,0,39,-7,-3,39,35,13,635.png,templete634.png
189,32,0,50,34,0,50,2,0,0,1,2,106.png,templete105.png
190,27,22,13,14,24,0,-13,2,-13,-3,-13,62.png,templete61.png
191,50,0,0,48,0,26,-2,0,26,18,9,1767.png,templete1766.png
192,14,0,0,0,0,2,-14,0,2,7,-8,1778.png,templete1777.png
193,0,25,19,14,0,14,14,-25,-5,-2,26,1518.png,templete1517.png
194,0,37,0,0,23,30,0,-14,30,25,17,1413.png,templete1412.png
195,0,24,26,0,10,5,0,-14,-21,-14,6,1758.png,templete1757.png
196,38,31,0,50,22,10,12,-9,10,-4,21,408.png,templete407.png
197,17,11,50,13,11,47,-4,0,-3,1,-2,1128.png,templete1127.png
198,50,1,41,50,20,39,0,19,-2,-7,-13,979.png,templete978.png
199,0,2,44,0,34,50,0,32,6,4,-26,250.png,templete249.png
200,2,37,50,29,8,50,27,-29,0,-11,59,1023.png,templete1022.png
201,20,21,35,0,50,6,-20,29,-29,-21,-52,1293.png,templete1292.png
202,10,10,0,28,35,8,18,25,8,-19,-9,1718.png,templete1717.png
203,33,39,50,36,7,50,3,-32,0,7,39,1547.png,templete1546.png
204,35,50,50,45,14,22,10,-36,-28,-31,50,1161.png,templete1160.png
205,34,9,35,50,40,2,16,31,-33,-57,-29,359.png,templete358.png
206,48,12,0,41,0,0,-7,-12,0,4,2,1310.png,templete1309.png
207,4,50,0,6,17,0,2,-33,0,9,35,1728.png,templete1727.png
208,0,50,12,0,43,40,0,-7,28,28,10,379.png,templete378.png
209,0,0,41,33,38,50,33,38,9,-14,-9,1817.png,templete1816.png
210,23,0,50,50,17,49,27,17,-1,-16,10,40.png,templete39.png
211,50,0,13,16,30,40,-34,30,27,45,-46,944.png,templete943.png
212,26,50,37,50,50,50,24,0,13,-5,23,1913.png,templete1912.png
213,0,50,50,31,48,50,31,-2,0,-18,24,930.png,templete929.png
214,34,0,50,17,36,50,-17,36,0,8,-44,175.png,templete174.png
215,8,22,5,0,5,1,-8,-17,-4,4,13,587.png,templete586.png
216,18,0,31,30,20,31,12,20,0,-9,-5,1627.png,templete1626.png
217,0,50,23,0,18,50,0,-32,27,37,40,1662.png,templete1661.png
218,10,17,17,37,0,17,27,-17,0,-13,30,872.png,templete871.png
219,33,10,34,50,24,2,17,14,-32,-50,-8,1438.png,templete1437.png
220,19,17,0,11,1,0,-8,-16,0,6,5,691.png,templete690.png
221,27,0,30,39,25,7,12,25,-23,-31,-14,89.png,templete88.png
222,0,50,40,0,50,50,0,0,10,15,0,598.png,templete597.png
223,14,50,27,27,50,0,13,0,-27,-30,3,1360.png,templete1359.png
224,50,11,50,50,16,50,0,5,0,0,-2,903.png,templete902.png
225,50,50,6,38,47,28,-12,-3,22,29,-1,1961.png,templete1960.png
226,0,32,39,15,50,46,15,18,7,1,-15,1493.png,templete1492.png
227,50,30,50,50,30,50,0,0,0,0,2,1497.png,templete1496.png
228,50,12,36,32,0,50,-18,-12,14,29,3,105.png,templete104.png
229,42,50,0,19,50,1,-23,0,1,15,-15,309.png,templete308.png
230,0,34,24,38,9,0,38,-25,-24,-36,42,939.png,templete938.png
231,14,16,18,2,0,45,-12,-16,27,37,10,60.png,templete59.png
232,38,50,40,38,50,7,0,0,-33,-38,-9,648.png,templete647.png
233,35,16,41,49,50,34,14,34,-7,-24,-33,1368.png,templete1367.png
234,44,27,20,48,0,12,4,-27,-8,-1,27,857.png,templete856.png
235,11,37,50,11,8,50,0,-29,0,7,26,48.png,templete47.png
236,13,50,26,0,48,50,-13,-2,24,38,0,467.png,templete466.png
237,37,35,45,13,50,50,-24,15,5,20,-38,1016.png,templete1015.png
238,50,0,0,30,0,0,-20,0,0,12,-13,863.png,templete862.png
239,22,50,28,31,50,50,9,0,22,21,14,555.png,templete554.png
240,10,12,8,0,0,9,-10,-12,1,8,3,1291.png,templete1290.png
241,48,0,0,50,19,9,2,19,9,-4,-6,1527.png,templete1526.png
242,50,50,2,50,28,0,0,-22,-2,5,22,98.png,templete97.png
243,20,30,11,18,0,23,-2,-30,12,13,23,886.png,templete885.png
244,0,50,50,0,46,50,0,-4,0,1,3,1134.png,templete1133.png
245,0,43,28,0,50,4,0,7,-24,-31,-17,790.png,templete789.png
246,50,29,0,50,0,0,0,-29,0,6,22,1823.png,templete1822.png
247,10,50,50,0,50,50,-10,0,0,6,-4,1338.png,templete1337.png
248,1,50,0,0,50,0,-1,0,0,0,-1,968.png,templete967.png
249,37,24,50,36,43,50,-1,19,0,-4,-26,1083.png,templete1082.png
250,50,27,44,50,4,50,0,-23,6,14,30,501.png,templete500.png
251,50,31,8,50,0,0,0,-31,-8,5,29,823.png,templete822.png
252,0,50,36,28,50,32,28,0,-4,-21,16,1995.png,templete1994.png
253,39,3,28,42,11,31,3,8,3,-2,0,1625.png,templete1624.png
254,0,30,50,0,42,50,0,12,0,1,-15,356.png,templete355.png
255,13,41,50,0,50,45,-13,9,-5,1,-17,580.png,templete579.png
256,9,50,50,30,14,50,21,-36,0,-7,59,437.png,templete436.png
257,2,11,46,0,47,50,-2,36,4,1,-40,1855.png,templete1854.png
258,0,0,38,12,0,50,12,0,12,11,9,1831.png,templete1830.png
259,12,3,0,18,10,23,6,7,23,11,5,1875.png,templete1874.png
260,28,38,50,0,50,50,-28,12,0,18,-39,322.png,templete321.png
261,0,0,0,22,0,19,22,0,19,0,14,517.png,templete516.png
262,18,0,16,3,28,0,-15,28,-16,-7,-35,716.png,templete715.png
263,13,0,9,8,0,33,-5,0,24,24,3,1707.png,templete1706.png
264,12,50,11,2,26,20,-10,-24,9,19,20,1178.png,templete1177.png
265,32,26,50,17,9,47,-15,-17,-3,16,5,1605.png,templete1604.png
266,0,50,3,7,50,0,7,0,-3,-2,0,1223.png,templete1222.png
267,26,0,50,33,3,50,7,3,0,-4,7,1680.png,templete1679.png
268,0,40,14,24,7,7,24,-33,-7,-13,49,1347.png,templete1346.png
269,50,22,0,50,50,24,0,28,24,6,-26,1218.png,templete1217.png
270,28,50,0,20,46,36,-8,-4,36,39,5,577.png,templete576.png
271,26,3,22,50,38,0,24,35,-22,-46,-19,1363.png,templete1362.png
272,3,7,11,0,5,0,-3,-2,-11,-8,-3,1658.png,templete1657.png
273,17,6,37,50,40,19,33,34,-18,-50,-15,1959.png,templete1958.png
274,50,50,0,17,50,18,-33,0,18,36,-20,263.png,templete262.png
275,27,0,0,0,0,0,-27,0,0,13,-17,1972.png,templete1971.png
276,50,0,50,38,0,29,-12,0,-21,-13,-16,960.png,templete959.png
277,41,50,0,41,42,0,0,-8,0,2,9,923.png,templete922.png
278,36,33,37,39,12,1,3,-21,-36,-35,12,244.png,templete243.png
279,28,50,50,46,50,50,18,0,0,-12,13,1671.png,templete1670.png
280,8,50,0,41,50,19,33,0,19,-11,22,575.png,templete574.png
281,50,8,42,15,0,50,-35,-8,8,37,-24,1678.png,templete1677.png
282,39,39,0,6,25,13,-33,-14,13,34,-3,1248.png,templete1247.png
283,21,46,50,48,15,50,27,-31,0,-12,59,241.png,templete240.png
284,24,42,6,34,5,0,10,-37,-6,-4,45,1376.png,templete1375.png
285,50,50,0,11,50,0,-39,0,0,27,-29,100.png,templete99.png
286,50,50,50,18,50,50,-32,0,0,30,-29,1237.png,templete1236.png
287,19,15,0,49,40,0,30,25,0,-33,-1,820.png,templete819.png
288,50,24,50,11,37,50,-39,13,0,26,-44,47.png,templete46.png
289,50,50,0,49,35,25,-1,-15,25,24,24,1235.png,templete1234.png
290,7,1,8,22,22,0,15,21,-8,-15,-7,764.png,templete763.png
291,27,32,19,37,26,19,10,-6,0,-6,15,589.png,templete588.png
292,50,0,50,23,0,50,-27,0,0,18,-19,39.png,templete38.png
293,13,50,50,32,50,50,19,0,0,-12,14,626.png,templete625.png
294,50,50,42,50,50,50,0,0,8,6,2,158.png,templete157.png
295,19,4,35,50,4,9,31,0,-26,-41,21,149.png,templete148.png
296,9,32,0,0,43,0,-9,11,0,2,-15,803.png,templete802.png
297,30,0,3,17,17,9,-13,17,6,7,-17,1784.png,templete1783.png
298,40,50,43,26,27,36,-14,-23,-7,11,15,615.png,templete614.png
299,47,50,21,50,50,2,3,0,-19,-17,-5,97.png,templete96.png
300,31,27,38,50,36,6,19,9,-32,-46,-4,1508.png,templete1507.png
301,50,4,16,12,20,26,-38,16,10,29,-39,520.png,templete519.png
302,4,17,50,18,30,25,14,13,-25,-34,-10,1479.png,templete1478.png
303,31,28,0,31,27,38,0,-1,38,30,11,1507.png,templete1506.png
304,40,0,30,14,0,32,-26,0,2,18,-23,481.png,templete480.png
305,0,36,18,34,8,50,34,-28,32,20,64,1403.png,templete1402.png
306,33,26,14,4,6,0,-29,-20,-14,11,-7,199.png,templete198.png
307,50,9,50,50,22,21,0,13,-29,-32,-20,288.png,templete287.png
308,27,18,25,38,25,13,11,7,-12,-15,-2,700.png,templete699.png
309,14,0,14,16,5,0,2,5,-14,-10,-2,1519.png,templete1518.png
310,42,50,0,50,42,39,8,-8,39,30,30,1603.png,templete1602.png
311,50,29,0,28,19,27,-22,-10,27,35,2,27.png,templete26.png
312,0,13,0,10,0,0,10,-13,0,-1,8,333.png,templete332.png
313,0,11,28,13,33,39,13,22,11,-1,-15,1809.png,templete1808.png
314,50,0,50,43,0,50,-7,0,0,5,-3,231.png,templete230.png
315,39,31,4,39,38,0,0,7,-4,-4,-9,1352.png,templete1351.png
316,39,10,50,13,33,14,-26,23,-36,-24,-56,497.png,templete496.png
317,50,22,10,50,25,4,0,3,-6,-7,-4,409.png,templete408.png
318,48,48,10,50,40,36,2,-8,26,23,22,643.png,templete642.png
319,50,37,19,45,27,0,-5,-10,-19,-7,2,1149.png,templete1148.png
320,48,0,42,14,39,39,-34,39,-3,16,-66,773.png,templete772.png
321,50,29,50,38,50,38,-12,21,-12,-9,-44,1583.png,templete1582.png
322,18,0,0,7,0,8,-11,0,8,8,-4,508.png,templete507.png
323,35,36,42,34,9,35,-1,-27,-7,-4,28,358.png,templete357.png
324,0,46,0,21,35,0,21,-11,0,-8,20,813.png,templete812.png
325,50,20,5,50,0,34,0,-20,29,26,27,528.png,templete527.png
326,50,0,6,34,27,0,-16,27,-6,-2,-33,835.png,templete834.png
327,50,30,33,50,0,43,0,-30,10,14,32,80.png,templete79.png
328,0,49,29,2,41,49,2,-8,20,22,11,1965.png,templete1964.png
329,46,0,50,45,29,17,-1,29,-33,-40,-36,1840.png,templete1839.png
330,8,0,33,0,0,50,-8,0,17,24,2,1708.png,templete1707.png
331,13,0,2,10,21,14,-3,21,12,4,-12,306.png,templete305.png
332,27,50,6,2,50,0,-25,0,-6,15,-17,659.png,templete658.png
333,35,36,28,5,45,21,-30,9,-7,8,-29,112.png,templete111.png
334,0,50,48,4,50,30,4,0,-18,-16,-5,1011.png,templete1010.png
335,49,50,50,50,48,50,1,-2,0,1,3,429.png,templete428.png
336,22,50,35,0,39,32,-22,-11,-3,15,2,1380.png,templete1379.png
337,50,14,0,50,5,0,0,-9,0,1,6,941.png,templete940.png
338,33,50,27,24,16,37,-9,-34,10,21,35,1306.png,templete1305.png
339,0,8,37,0,10,50,0,2,13,12,3,213.png,templete212.png
340,22,23,50,22,50,50,0,27,0,-6,-31,1342.png,templete1341.png
341,49,50,18,20,37,18,-29,-13,0,28,-8,1513.png,templete1512.png
342,22,0,38,0,0,50,-22,0,12,25,-7,1081.png,templete1080.png
343,47,0,38,30,23,23,-17,23,-15,-4,-36,1689.png,templete1688.png
344,20,12,26,50,50,30,30,38,4,-33,-16,398.png,templete397.png
345,47,8,23,50,37,50,3,29,27,14,-19,153.png,templete152.png
346,4,0,0,13,0,22,9,0,22,9,9,505.png,templete504.png
347,28,0,47,3,12,29,-25,12,-18,-1,-29,343.png,templete342.png
348,0,45,39,0,50,50,0,5,11,16,-6,1597.png,templete1596.png
349,19,50,0,7,15,18,-12,-35,18,33,31,1440.png,templete1439.png
350,50,30,23,48,22,20,-2,-8,-3,2,7,95.png,templete94.png
351,38,50,0,6,50,28,-32,0,28,48,-17,1167.png,templete1166.png
352,18,50,35,35,21,50,17,-29,15,16,55,926.png,templete925.png
353,37,28,33,50,13,25,13,-15,-8,-12,30,971.png,templete970.png
354,24,19,17,50,38,27,26,19,10,-15,8,393.png,templete392.png
355,2,50,47,10,50,47,8,0,0,-2,2,13.png,templete12.png
356,0,50,28,0,50,50,0,0,22,23,1,929.png,templete928.png
357,8,0,3,13,22,0,5,22,-3,-6,-12,1202.png,templete1201.png
358,50,0,0,50,4,0,0,4,0,0,1,1824.png,templete1823.png
359,2,50,0,0,50,0,-2,0,0,1,-1,660.png,templete659.png
360,49,18,5,50,0,0,1,-18,-5,-1,15,733.png,templete732.png
361,15,38,21,45,6,12,30,-32,-9,-19,50,375.png,templete374.png
362,38,12,0,22,12,6,-16,0,6,12,-8,139.png,templete138.png
363,0,50,22,8,50,14,8,0,-8,-8,-1,443.png,templete442.png
364,0,46,0,0,50,3,0,4,3,-1,-4,1222.png,templete1221.png
365,50,42,42,29,42,50,-21,0,8,24,-17,1682.png,templete1681.png
366,46,29,50,26,12,30,-20,-17,-20,-3,-6,783.png,templete782.png
367,50,39,50,50,45,11,0,6,-39,-46,-24,609.png,templete608.png
368,17,50,17,3,50,0,-14,0,-17,0,-14,1981.png,templete1980.png
369,40,22,26,50,49,0,10,27,-26,-42,-34,1975.png,templete1974.png
370,1,16,50,12,27,50,11,11,0,-4,-4,205.png,templete204.png
371,50,8,24,43,38,24,-7,30,0,-4,-34,1737.png,templete1736.png
372,5,14,38,0,36,37,-5,22,-1,-1,-23,278.png,templete277.png
373,23,0,0,0,0,0,-23,0,0,12,-14,1569.png,templete1568.png
374,0,50,50,15,50,18,15,0,-32,-41,-3,324.png,templete323.png
375,25,50,10,22,50,28,-3,0,18,18,1,554.png,templete553.png
376,50,26,0,50,33,0,0,7,0,-4,-8,58.png,templete57.png
377,22,25,50,50,1,41,28,-24,-9,-29,52,978.png,templete977.png
378,0,18,0,0,42,0,0,24,0,-6,-24,718.png,templete717.png
379,50,38,27,18,50,50,-32,12,23,49,-36,394.png,templete393.png
380,35,15,50,50,50,50,15,35,0,-20,-30,911.png,templete910.png
381,10,21,14,11,50,0,1,29,-14,-19,-38,307.png,templete306.png
382,24,20,0,50,23,16,26,3,16,-10,26,1143.png,templete1142.png
383,0,19,0,10,10,0,10,-9,0,-3,9,1717.png,templete1716.png
384,33,27,21,50,30,23,17,3,2,-8,10,94.png,templete93.png
385,39,0,50,15,22,35,-24,22,-15,1,-43,404.png,templete403.png
386,2,0,50,0,0,50,-2,0,0,0,0,188.png,templete187.png
387,0,0,18,0,0,9,0,0,-9,-8,-2,1469.png,templete1468.png
388,32,9,23,43,40,25,11,31,2,-15,-22,1878.png,templete1877.png
389,0,0,33,0,0,50,0,0,17,17,6,683.png,templete682.png
390,0,10,50,0,0,50,0,-10,0,2,6,214.png,templete213.png
391,0,29,0,0,39,0,0,10,0,-2,-13,868.png,templete867.png
392,39,0,50,21,16,28,-18,16,-22,-12,-31,1908.png,templete1907.png
393,19,30,0,13,16,14,-6,-14,14,16,9,1312.png,templete1311.png
394,0,41,32,32,8,6,32,-33,-26,-32,47,126.png,templete125.png
395,41,0,16,50,0,29,9,0,13,2,14,1032.png,templete1031.png
396,0,50,0,0,50,0,0,0,0,0,-1,661.png,templete660.png
397,50,22,0,50,29,0,0,7,0,-2,-4,26.png,templete25.png
398,27,18,0,39,3,33,12,-15,33,21,35,935.png,templete934.png
399,45,0,35,50,27,0,5,27,-35,-43,-27,193.png,templete192.png
400,50,26,30,42,50,50,-8,24,20,23,-29,227.png,templete226.png
401,0,34,50,0,36,43,0,2,-7,-5,-5,1642.png,templete1641.png
402,49,7,0,50,14,0,1,7,0,-3,-3,1576.png,templete1575.png
403,16,0,50,2,36,50,-14,36,0,6,-39,203.png,templete202.png
404,0,50,15,3,50,0,3,0,-15,-13,-6,531.png,templete530.png
405,0,50,0,21,42,0,21,-8,0,-9,17,794.png,templete793.png
406,25,4,23,0,0,50,-25,-4,27,46,-5,1640.png,templete1639.png
407,36,38,50,10,50,50,-26,12,0,21,-43,1539.png,templete1538.png
408,50,15,29,34,5,11,-16,-10,-18,1,-11,711.png,templete710.png
409,12,12,22,0,41,0,-12,29,-22,-22,-39,996.png,templete995.png
410,50,3,27,50,22,50,0,19,23,19,-5,1691.png,templete1690.png
411,50,0,50,50,0,46,0,0,-4,-2,0,82.png,templete81.png
412,33,29,45,50,22,27,17,-7,-18,-32,20,1062.png,templete1061.png
413,50,0,29,50,5,11,0,5,-18,-15,-8,878.png,templete877.png
414,38,0,18,50,0,18,12,0,0,-8,12,1433.png,templete1432.png
415,17,9,47,32,0,34,15,-9,-13,-22,15,1606.png,templete1605.png
416,50,33,18,21,50,35,-29,17,17,34,-39,846.png,templete845.png
417,50,39,33,50,9,50,0,-30,17,29,40,1650.png,templete1649.png
418,47,33,19,30,10,50,-17,-23,31,47,21,785.png,templete784.png
419,0,50,50,0,50,50,0,0,0,1,-1,1339.png,templete1338.png
420,50,0,50,50,0,47,0,0,-3,-2,0,1695.png,templete1694.png
421,0,50,11,22,50,35,22,0,24,12,13,1379.png,templete1378.png
422,0,50,0,0,50,0,0,0,0,0,-1,1331.png,templete1330.png
423,50,50,29,21,30,29,-29,-20,0,31,3,811.png,templete810.png
424,37,50,0,26,18,0,-11,-32,0,16,30,267.png,templete266.png
425,50,35,8,50,24,0,0,-11,-8,-4,11,1383.png,templete1382.png
426,33,50,0,25,50,14,-8,0,14,12,-2,1225.png,templete1224.png
427,15,0,50,40,0,50,25,0,0,-15,26,1752.png,templete1751.png
428,50,0,0,50,28,27,0,28,27,10,-12,861.png,templete860.png
429,50,5,11,33,0,23,-17,-5,12,18,-7,879.png,templete878.png
430,0,29,0,35,50,20,35,21,20,-15,0,445.png,templete444.png
431,2,24,37,0,50,44,-2,26,7,6,-30,297.png,templete296.png
432,43,0,39,50,0,39,7,0,0,-3,6,417.png,templete416.png
433,20,0,41,30,0,3,10,0,-38,-38,-3,1783.png,templete1782.png
434,0,24,50,6,27,17,6,3,-33,-32,-10,1266.png,templete1265.png
435,23,22,40,23,25,16,0,3,-24,-27,-9,1922.png,templete1921.png
436,5,0,50,36,17,17,31,17,-33,-51,1,827.png,templete826.png
437,37,8,0,50,0,0,13,-8,0,-11,16,335.png,templete334.png
438,50,0,50,50,7,50,0,7,0,0,-1,292.png,templete291.png
439,0,20,0,23,6,0,23,-14,0,-9,27,1983.png,templete1982.png
440,0,50,0,0,13,25,0,-37,25,32,44,677.png,templete676.png
441,11,19,50,15,50,46,4,31,-4,-8,-36,1126.png,templete1125.png
442,24,34,22,34,40,34,10,6,12,1,1,1669.png,templete1668.png
443,39,0,0,13,0,9,-26,0,9,19,-15,1706.png,templete1705.png
444,21,19,0,6,3,14,-15,-16,14,20,9,54.png,templete53.png
445,50,28,11,49,7,0,-1,-21,-11,-1,15,1575.png,templete1574.png
446,0,0,50,0,0,24,0,0,-26,-22,-5,346.png,templete345.png
447,24,50,50,42,50,34,18,0,-16,-31,8,1040.png,templete1039.png
448,0,50,50,0,50,50,0,0,0,2,-2,323.png,templete322.png
449,0,10,6,32,0,6,32,-10,0,-18,27,330.png,templete329.png
450,0,42,32,0,41,0,0,-1,-32,-30,-6,22.png,templete21.png
451,35,21,26,50,20,1,15,-1,-25,-31,5,548.png,templete547.png
452,22,18,50,50,0,50,28,-18,0,-18,47,454.png,templete453.png
453,36,9,0,36,11,0,0,2,0,-2,-1,1483.png,templete1482.png
454,48,50,0,43,25,0,-5,-25,0,10,28,1285.png,templete1284.png
455,0,14,30,0,42,13,0,28,-17,-19,-33,1074.png,templete1073.png
456,0,48,0,8,45,0,8,-3,0,-3,4,1137.png,templete1136.png
457,31,0,35,0,23,50,-31,23,15,38,-37,1436.png,templete1435.png
458,20,31,0,0,31,22,-20,0,22,30,-7,917.png,templete916.png
459,50,0,17,32,0,0,-18,0,-17,-1,-16,365.png,templete364.png
460,0,50,0,5,50,12,5,0,12,6,-1,738.png,templete737.png
461,0,0,38,0,30,37,0,30,-1,-1,-25,282.png,templete281.png
462,8,50,8,44,27,20,36,-23,12,-11,55,856.png,templete855.png
463,50,50,21,26,50,35,-24,0,14,35,-16,988.png,templete987.png
464,50,0,47,26,0,32,-24,0,-15,5,-24,1189.png,templete1188.png
465,32,2,26,5,0,50,-27,-2,24,50,-14,826.png,templete825.png
466,50,0,44,42,23,22,-8,23,-22,-24,-32,1452.png,templete1451.png
467,30,50,39,0,32,12,-30,-18,-27,-1,-2,1335.png,templete1334.png
468,33,0,50,3,19,26,-30,19,-24,-5,-48,294.png,templete293.png
469,36,50,0,50,28,33,14,-22,33,23,53,492.png,templete491.png
470,50,38,50,50,48,28,0,10,-22,-28,-24,1697.png,templete1696.png
471,19,0,0,23,0,0,4,0,0,-3,4,1764.png,templete1763.png
472,43,32,40,19,0,26,-24,-32,-14,8,7,1241.png,templete1240.png
473,50,24,3,50,26,0,0,2,-3,-2,-2,57.png,templete56.png
474,8,27,50,0,0,16,-8,-27,-34,-22,8,1828.png,templete1827.png
475,45,22,0,31,33,0,-14,11,0,4,-23,1257.png,templete1256.png
476,0,35,47,0,50,48,0,15,1,1,-19,1010.png,templete1009.png
477,22,40,7,0,5,29,-22,-35,22,38,24,565.png,templete564.png
478,0,50,3,2,29,0,2,-21,-3,6,20,1724.png,templete1723.png
479,14,7,0,0,17,0,-14,10,0,3,-14,1622.png,templete1621.png
480,50,31,50,50,27,17,0,-4,-33,-34,-8,1174.png,templete1173.png
481,50,0,18,15,0,4,-35,0,-14,12,-32,1324.png,templete1323.png
482,50,22,50,50,50,50,0,28,0,-5,-39,1692.png,templete1691.png
483,48,22,20,47,50,21,-1,28,1,-8,-30,96.png,templete95.png
484,33,28,50,25,50,21,-8,22,-29,-30,-43,731.png,templete730.png
485,43,17,23,40,50,50,-3,33,27,19,-29,78.png,templete77.png
486,34,6,25,50,9,50,16,3,25,10,26,287.png,templete286.png
487,19,50,14,30,50,38,11,0,24,12,14,469.png,templete468.png
488,0,14,50,18,42,50,18,28,0,-9,-16,71.png,templete70.png
489,50,20,0,50,50,0,0,30,0,-15,-38,900.png,templete899.png
490,50,0,5,50,32,3,0,32,-2,-15,-30,1933.png,templete1932.png
491,0,50,50,0,50,39,0,0,-11,-10,-4,1018.png,templete1017.png
492,50,50,50,50,16,50,0,-34,0,8,41,159.png,templete158.png
493,50,6,32,50,20,0,0,14,-32,-32,-22,899.png,templete898.png
494,0,50,50,34,50,24,34,0,-26,-47,13,276.png,templete275.png
495,0,0,32,0,0,18,0,0,-14,-12,-4,1468.png,templete1467.png
496,0,0,21,0,19,14,0,19,-7,-6,-12,222.png,templete221.png
497,0,0,0,32,0,0,32,0,0,-16,18,875.png,templete874.png
498,24,45,50,15,50,38,-9,5,-12,-7,-17,1392.png,templete1391.png
499,50,43,50,50,15,50,0,-28,0,6,33,434.png,templete433.png
500,0,3,50,33,29,45,33,26,-5,-27,0,1061.png,templete1060.png
501,50,50,0,41,46,32,-9,-4,32,35,6,1675.png,templete1674.png
502,0,50,50,35,45,35,35,-5,-15,-36,25,599.png,templete598.png
503,50,50,50,28,15,50,-22,-35,0,25,24,958.png,templete957.png
504,23,45,22,23,37,36,0,-8,14,17,15,1246.png,templete1245.png
505,14,26,0,0,50,3,-14,24,3,0,-38,1722.png,templete1721.png
506,4,24,0,0,0,30,-4,-24,30,30,27,1704.png,templete1703.png
507,18,47,0,0,50,13,-18,3,13,19,-14,1702.png,templete1701.png
508,50,24,29,50,46,30,0,22,1,-7,-27,1929.png,templete1928.png
509,2,29,0,0,36,18,-2,7,18,9,-6,1402.png,templete1401.png
510,0,0,21,8,0,7,8,0,-14,-9,-1,704.png,templete703.png
511,50,26,14,50,15,29,0,-11,15,15,17,710.png,templete709.png
512,41,50,0,34,45,0,-7,-5,0,6,-1,1155.png,templete1154.png
513,50,50,33,50,11,50,0,-39,17,34,57,902.png,templete901.png
514,19,15,50,20,16,43,1,1,-7,-5,-3,1111.png,templete1110.png
515,27,0,13,41,13,42,14,13,29,15,18,1557.png,templete1556.png
516,11,8,50,27,6,19,16,-2,-31,-37,5,49.png,templete48.png
517,37,15,0,38,32,17,1,17,17,5,-11,1491.png,templete1490.png
518,1,0,39,8,33,48,7,33,9,3,-22,285.png,templete284.png
519,50,2,46,50,27,50,0,25,4,0,-18,1741.png,templete1740.png
520,50,31,23,18,50,35,-32,19,12,36,-45,925.png,templete924.png
521,18,50,50,12,29,50,-6,-21,0,12,19,395.png,templete394.png
522,28,21,7,5,34,0,-23,13,-7,6,-26,806.png,templete805.png
523,0,50,3,0,50,3,0,0,0,0,-3,1723.png,templete1722.png
524,32,41,50,29,13,50,-3,-28,0,9,27,1743.png,templete1742.png
525,15,27,50,41,0,16,26,-27,-34,-48,37,1031.png,templete1030.png
526,50,33,50,50,17,21,0,-16,-29,-28,10,1499.png,templete1498.png
527,10,44,0,48,40,0,38,-4,0,-26,25,91.png,templete90.png
528,30,10,50,1,38,49,-29,28,-1,18,-53,786.png,templete785.png
529,47,2,50,30,0,22,-17,-2,-28,-14,-24,1849.png,templete1848.png
530,28,30,0,16,36,0,-12,6,0,6,-14,1985.png,templete1984.png
531,10,33,15,17,50,48,7,17,33,23,-11,255.png,templete254.png
532,0,37,13,0,25,19,0,-12,6,9,12,1517.png,templete1516.png
533,5,6,50,13,13,32,8,7,-18,-18,-5,726.png,templete725.png
534,50,43,50,50,50,25,0,7,-25,-28,-18,624.png,templete623.png
535,50,50,26,50,23,42,0,-27,16,22,42,1462.png,templete1461.png
536,31,0,50,4,1,46,-27,1,-4,17,-25,1745.png,templete1744.png
537,23,0,0,50,0,0,27,0,0,-21,24,1765.png,templete1764.png
538,9,0,0,0,0,26,-9,0,26,17,2,729.png,templete728.png
539,0,0,50,33,2,50,33,2,0,-16,25,191.png,templete190.png
540,31,33,0,47,50,0,16,17,0,-20,-14,1258.png,templete1257.png
541,0,50,33,0,50,25,0,0,-8,-5,-2,68.png,templete67.png
542,0,0,45,34,0,18,34,0,-27,-42,18,526.png,templete525.png
543,50,4,49,50,0,44,0,-4,-5,-5,-1,1451.png,templete1450.png
544,50,6,48,50,28,9,0,22,-39,-43,-34,1120.png,templete1119.png
545,15,46,3,43,50,38,28,4,35,11,24,1590.png,templete1589.png
546,37,0,37,3,0,2,-34,0,-35,-12,-38,423.png,templete422.png
547,0,18,50,23,0,50,23,-18,0,-9,34,1967.png,templete1966.png
548,0,33,35,10,44,2,10,11,-33,-41,-15,1599.png,templete1598.png
549,0,25,24,0,21,2,0,-4,-22,-19,2,633.png,templete632.png
550,0,24,50,14,47,11,14,23,-39,-52,-28,582.png,templete581.png
551,37,5,31,50,10,11,13,5,-20,-28,1,1103.png,templete1102.png
552,50,32,8,39,30,20,-11,-2,12,17,-2,1095.png,templete1094.png
553,30,5,50,27,34,34,-3,29,-16,-18,-35,353.png,templete352.png
554,11,0,49,0,0,41,-11,0,-8,-2,-5,1816.png,templete1815.png
555,13,50,28,0,50,0,-13,0,-28,-16,-14,1880.png,templete1879.png
556,0,39,0,0,9,0,0,-30,0,8,24,869.png,templete868.png
557,23,6,28,39,3,28,16,-3,0,-9,18,1624.png,templete1623.png
558,20,18,23,50,28,11,30,10,-12,-34,13,1574.png,templete1573.png
559,50,15,50,24,40,48,-26,25,-2,13,-51,435.png,templete434.png
560,0,47,0,0,33,0,0,-14,0,3,12,1942.png,templete1941.png
561,50,11,32,29,14,7,-21,3,-25,-5,-25,713.png,templete712.png
562,0,43,0,4,44,0,4,1,0,-1,-1,1992.png,templete1991.png
563,26,0,1,25,0,18,-1,0,17,10,5,1554.png,templete1553.png
564,25,50,0,0,45,0,-25,-5,0,19,-10,490.png,templete489.png
565,50,39,0,50,15,0,0,-24,0,7,29,757.png,templete756.png
566,7,0,0,40,29,37,33,29,37,0,12,427.png,templete426.png
567,1,50,40,20,50,50,19,0,10,1,13,1021.png,templete1020.png
568,50,50,0,50,50,18,0,0,18,11,4,462.png,templete461.png
569,0,1,50,0,4,50,0,3,0,1,1,1664.png,templete1663.png
570,0,23,38,0,50,48,0,27,10,9,-27,258.png,templete257.png
571,50,0,12,50,0,5,0,0,-7,-8,-2,1932.png,templete1931.png
572,16,7,0,15,38,21,-1,31,21,7,-25,374.png,templete373.png
573,50,0,50,44,20,50,-6,20,0,2,-18,420.png,templete419.png
574,0,0,37,24,0,0,24,0,-37,-37,6,1800.png,templete1799.png
575,14,50,35,45,16,5,31,-34,-30,-49,57,299.png,templete298.png
576,36,32,8,50,48,26,14,16,18,-3,1,1588.png,templete1587.png
577,2,26,20,13,9,28,11,-17,8,7,25,1179.png,templete1178.png
578,50,0,0,14,12,0,-36,12,0,23,-35,762.png,templete761.png
579,37,0,50,41,0,50,4,0,0,-1,4,571.png,templete570.png
580,16,0,12,0,23,42,-16,23,30,32,-14,842.png,templete841.png
581,0,50,0,36,50,0,36,0,0,-25,16,34.png,templete33.png
582,3,28,0,0,18,0,-3,-10,0,2,6,717.png,templete716.png
583,25,34,43,20,23,50,-5,-11,7,15,10,751.png,templete750.png
584,33,12,46,0,0,50,-33,-12,4,26,-14,1399.png,templete1398.png
585,50,2,24,50,0,0,0,-2,-24,-15,-5,313.png,templete312.png
586,43,40,0,8,50,0,-35,10,0,22,-34,265.png,templete264.png
587,50,10,31,47,35,2,-3,25,-29,-31,-37,1093.png,templete1092.png
588,40,26,0,14,32,0,-26,6,0,19,-28,1261.png,templete1260.png
589,50,0,0,50,0,0,0,0,0,0,1,824.png,templete823.png
590,10,44,2,48,43,34,38,-1,32,-2,39,1600.png,templete1599.png
591,50,26,0,27,18,25,-23,-8,25,36,-1,699.png,templete698.png
592,9,32,0,34,5,0,25,-27,0,-9,40,655.png,templete654.png
593,0,50,14,0,23,38,0,-27,24,26,34,257.png,templete256.png
594,32,0,34,44,8,10,12,8,-24,-35,0,1607.png,templete1606.png
595,37,0,17,32,0,0,-5,0,-17,-7,-5,873.png,templete872.png
596,17,41,0,50,21,15,33,-20,15,-9,52,741.png,templete740.png
597,9,0,1,0,0,0,-9,0,-1,3,-4,561.png,templete560.png
598,15,47,0,24,19,17,9,-28,17,12,36,392.png,templete391.png
599,9,33,34,0,8,19,-9,-25,-15,-7,23,1013.png,templete1012.png
600,0,12,28,38,5,0,38,-7,-28,-44,26,1169.png,templete1168.png
601,0,50,21,32,50,0,32,0,-21,-41,11,639.png,templete638.png
602,0,0,20,0,19,0,0,19,-20,-20,-17,1716.png,templete1715.png
603,50,0,29,22,0,0,-28,0,-29,-5,-31,1033.png,templete1032.png
604,0,18,14,0,41,32,0,23,18,13,-17,125.png,templete124.png
605,50,50,30,20,18,31,-30,-32,1,33,15,1949.png,templete1948.png
606,7,36,0,29,50,0,22,14,0,-22,-8,1328.png,templete1327.png
607,1,10,0,15,43,18,14,33,18,-3,-23,1139.png,templete1138.png
608,0,0,38,20,30,11,20,30,-27,-39,-21,885.png,templete884.png
609,29,35,23,50,4,16,21,-31,-7,-13,45,519.png,templete518.png
610,24,31,50,50,22,19,26,-9,-31,-48,22,1269.png,templete1268.png
611,35,50,50,31,19,34,-4,-31,-16,-5,31,1466.png,templete1465.png
612,7,0,0,7,0,0,0,0,0,1,-1,1936.png,templete1935.png
613,0,0,40,0,33,27,0,33,-13,-17,-30,216.png,templete215.png
614,29,42,50,50,25,50,21,-17,0,-10,38,1683.png,templete1682.png
615,45,40,0,50,1,0,5,-39,0,6,42,850.png,templete849.png
616,50,50,17,47,50,10,-3,0,-7,-6,-6,465.png,templete464.png
617,0,50,50,20,12,26,20,-38,-24,-27,47,397.png,templete396.png
618,50,27,50,30,5,50,-20,-22,0,19,5,352.png,templete351.png
619,4,0,40,0,0,36,-4,0,-4,-1,-1,1633.png,templete1632.png
620,35,35,0,50,50,0,15,15,0,-23,-8,694.png,templete693.png
621,19,50,12,4,50,0,-15,0,-12,4,-13,1727.png,templete1726.png
622,0,0,6,23,13,40,23,13,34,18,16,766.png,templete765.png
623,0,19,14,0,10,0,0,-9,-14,-7,4,223.png,templete222.png
624,8,0,15,20,20,0,12,20,-15,-24,-11,1395.png,templete1394.png
625,19,3,0,10,17,17,-9,14,17,11,-10,871.png,templete870.png
626,3,38,50,5,49,50,2,11,0,-1,-12,210.png,templete209.png
627,45,38,0,44,12,28,-1,-26,28,30,36,1366.png,templete1365.png
628,20,28,22,33,26,14,13,-2,-8,-16,7,198.png,templete197.png
629,30,44,18,45,40,0,15,-4,-18,-26,9,849.png,templete848.png
630,44,0,0,50,34,18,6,34,18,-5,-18,1182.png,templete1181.png
631,26,12,30,47,33,19,21,21,-11,-35,-10,784.png,templete783.png
632,39,11,22,50,19,46,11,8,24,12,17,1997.png,templete1996.png
633,49,40,0,47,44,0,-2,4,0,-2,-6,821.png,templete820.png
634,0,0,50,0,11,28,0,11,-22,-17,-10,1808.png,templete1807.png
635,0,6,40,1,0,50,1,-6,10,12,6,185.png,templete184.png
636,0,26,50,10,2,50,10,-24,0,2,23,1812.png,templete1811.png
637,0,0,0,0,0,11,0,0,11,5,1,1570.png,templete1569.png
638,50,2,50,25,31,50,-25,29,0,12,-50,1028.png,templete1027.png
639,50,20,0,26,9,34,-24,-11,34,48,2,1957.png,templete1956.png
640,11,50,0,42,50,0,31,0,0,-27,17,308.png,templete307.png
641,50,14,30,50,39,15,0,25,-15,-20,-32,1153.png,templete1152.png
642,50,50,25,50,50,9,0,0,-16,-19,-8,1186.png,templete1185.png
643,50,6,0,50,14,30,0,8,30,19,6,1152.png,templete1151.png
644,50,47,11,17,50,17,-33,3,6,31,-30,1980.png,templete1979.png
645,0,30,0,15,27,2,15,-3,2,-7,7,1070.png,templete1069.png
646,7,50,0,0,50,38,-7,0,38,39,1,1988.png,templete1987.png
647,50,43,0,50,48,36,0,5,36,27,6,103.png,templete102.png
648,32,0,0,50,0,32,18,0,32,9,29,876.png,templete875.png
649,42,11,31,18,0,31,-24,-11,0,17,-13,1626.png,templete1625.png
650,20,26,8,20,18,23,0,-8,15,12,8,1573.png,templete1572.png
651,0,0,37,4,17,50,4,17,13,13,-8,1478.png,templete1477.png
652,33,41,5,50,50,4,17,9,-1,-21,1,24.png,templete23.png
653,23,37,36,39,39,0,16,2,-36,-45,2,1247.png,templete1246.png
654,0,50,0,0,44,26,0,-6,26,23,8,1333.png,templete1332.png
655,20,28,50,41,43,50,21,15,0,-20,4,1055.png,templete1054.png
656,50,32,12,50,50,0,0,18,-12,-17,-24,1234.png,templete1233.png
657,2,11,26,19,36,26,17,25,0,-13,-17,1035.png,templete1034.png
658,50,43,45,50,50,13,0,7,-32,-40,-23,457.png,templete456.png
659,22,50,50,22,50,41,0,0,-9,-9,-4,207.png,templete206.png
660,50,0,50,46,0,50,-4,0,0,2,-2,1421.png,templete1420.png
661,50,50,50,50,29,41,0,-21,-9,-4,22,1693.png,templete1692.png
662,8,17,46,24,45,50,16,28,4,-9,-16,1391.png,templete1390.png
663,50,31,32,50,43,50,0,12,18,19,-11,623.png,templete622.png
664,0,0,50,14,8,42,14,8,-8,-10,2,781.png,templete780.png
665,0,17,0,23,6,28,23,-11,28,11,26,1623.png,templete1622.png
666,34,0,50,50,4,49,16,4,-1,-12,17,1450.png,templete1449.png
667,0,0,9,16,0,12,16,0,3,-4,7,841.png,templete840.png
668,16,6,32,48,0,16,32,-6,-16,-34,24,1320.png,templete1319.png
669,13,0,2,26,0,1,13,0,-1,-9,10,1553.png,templete1552.png
670,27,50,0,17,23,0,-10,-27,0,17,23,1595.png,templete1594.png
671,32,6,30,0,0,50,-32,-6,20,37,-13,780.png,templete779.png
672,43,2,0,38,34,0,-5,32,0,-8,-30,43.png,templete42.png
673,50,2,22,50,0,22,0,-2,0,-1,1,545.png,templete544.png
674,0,49,19,0,14,50,0,-35,31,36,42,70.png,templete69.png
675,47,50,10,13,50,26,-34,0,16,42,-24,466.png,templete465.png
676,50,0,30,42,14,50,-8,14,20,20,-5,686.png,templete685.png
677,18,50,0,0,50,0,-18,0,0,11,-13,1699.png,templete1698.png
678,9,18,16,9,23,9,0,5,-7,-4,-5,1803.png,templete1802.png
679,50,17,0,50,47,11,0,30,11,-5,-29,1979.png,templete1978.png
680,3,0,0,4,37,0,1,37,0,-8,-32,1796.png,templete1795.png
681,50,0,7,50,0,17,0,0,10,4,4,1322.png,templete1321.png
682,0,19,44,0,2,44,0,-17,0,5,16,249.png,templete248.png
683,0,0,0,0,13,0,0,13,0,-1,-6,332.png,templete331.png
684,50,27,50,32,41,50,-18,14,0,11,-35,1742.png,templete1741.png
685,22,49,10,44,50,3,22,1,-7,-23,10,488.png,templete487.png
686,0,6,22,0,0,1,0,-6,-21,-12,1,1072.png,templete1071.png
687,50,43,15,50,42,12,0,-1,-3,-1,0,1488.png,templete1487.png
688,0,50,16,7,21,0,7,-29,-16,-10,33,1067.png,templete1066.png
689,50,50,0,37,15,0,-13,-35,0,21,29,1490.png,templete1489.png
690,46,50,50,50,50,34,4,0,-16,-22,-2,1672.png,templete1671.png
691,18,0,50,0,35,45,-18,35,-5,4,-46,1299.png,templete1298.png
692,0,32,23,0,10,6,0,-22,-17,-9,21,329.png,templete328.png
693,47,0,0,16,0,0,-31,0,0,19,-24,1199.png,templete1198.png
694,50,11,7,37,0,30,-13,-11,23,28,9,36.png,templete35.png
695,0,36,37,0,0,50,0,-36,13,21,34,279.png,templete278.png
696,0,25,50,1,0,39,1,-25,-11,-6,16,284.png,templete283.png
697,43,50,50,50,50,32,7,0,-18,-28,1,932.png,templete931.png
698,34,0,0,40,22,26,6,22,26,7,-1,1974.png,templete1973.png
699,50,33,23,32,50,23,-18,17,0,7,-40,1773.png,templete1772.png
700,22,50,36,50,30,50,28,-20,14,-4,58,1496.png,templete1495.png
701,0,38,0,22,13,39,22,-25,39,23,40,76.png,templete75.png
702,5,45,21,12,40,50,7,-5,29,26,13,113.png,templete112.png
703,7,40,25,25,50,48,18,10,23,7,5,1344.png,templete1343.png
704,0,31,24,0,36,13,0,5,-11,-11,-9,441.png,templete440.png
705,40,43,0,31,30,0,-9,-13,0,9,7,1638.png,templete1637.png
706,50,34,50,21,46,50,-29,12,0,18,-37,240.png,templete239.png
707,0,45,30,22,18,50,22,-27,20,13,46,453.png,templete452.png
708,50,0,0,27,0,0,-23,0,0,14,-16,1630.png,templete1629.png
709,19,0,50,50,28,46,31,28,-4,-31,2,956.png,templete955.png
710,50,23,16,50,18,0,0,-5,-16,-10,2,1144.png,templete1143.png
711,25,20,50,14,26,50,-11,6,0,9,-14,1616.png,templete1615.png
712,25,50,1,31,50,0,6,0,-1,-6,4,1358.png,templete1357.png
713,38,5,0,8,17,24,-30,12,24,33,-23,1170.png,templete1169.png
714,2,41,49,0,18,50,-2,-23,1,8,27,1966.png,templete1965.png
715,14,8,42,46,29,50,32,21,8,-21,11,782.png,templete781.png
716,14,50,0,0,11,0,-14,-39,0,16,36,533.png,templete532.png
717,28,0,0,22,0,11,-6,0,11,8,-2,412.png,templete411.png
718,8,31,24,8,50,3,0,19,-21,-22,-25,1887.png,templete1886.png
719,33,13,0,24,17,0,-9,4,0,5,-9,653.png,templete652.png
720,0,0,50,6,0,50,6,0,0,0,2,189.png,templete188.png
721,45,42,44,50,50,50,5,8,6,1,-4,1037.png,templete1036.png
722,0,50,0,0,18,14,0,-32,14,18,32,124.png,templete123.png
723,22,50,41,32,50,45,10,0,4,-5,7,208.png,templete207.png
724,50,28,33,34,32,47,-16,4,14,29,-12,493.png,templete492.png
725,13,0,0,0,0,10,-13,0,10,10,-5,167.png,templete166.png
726,50,19,0,40,26,0,-10,7,0,5,-11,1260.png,templete1259.png
727,38,0,40,16,6,32,-22,6,-8,7,-21,1319.png,templete1318.png
728,50,13,26,50,29,0,0,16,-26,-32,-25,890.png,templete889.png
729,50,49,0,22,50,26,-28,1,26,43,-20,1976.png,templete1975.png
730,18,50,39,50,50,50,32,0,11,-12,29,1925.png,templete1924.png
731,41,2,21,47,0,0,6,-2,-21,-16,-2,1198.png,templete1197.png
732,50,44,46,50,50,46,0,6,0,0,-8,611.png,templete610.png
733,50,37,50,38,50,50,-12,13,0,8,-26,156.png,templete155.png
734,5,45,50,0,8,37,-5,-37,-13,-5,35,212.png,templete211.png
735,33,3,29,5,0,0,-28,-3,-29,-7,-24,182.png,templete181.png
736,17,50,12,20,27,41,3,-23,29,30,38,1374.png,templete1373.png
737,13,9,28,39,0,14,26,-9,-14,-28,25,1180.png,templete1179.png
738,44,31,50,50,0,50,6,-31,0,2,34,291.png,templete290.png
739,7,15,18,0,0,50,-7,-15,32,41,19,1441.png,templete1440.png
740,50,50,32,25,18,18,-25,-32,-14,11,15,933.png,templete932.png
741,50,50,20,42,50,48,-8,0,28,35,1,1464.png,templete1463.png
742,50,0,47,19,15,50,-31,15,3,24,-37,1110.png,templete1109.png
743,16,16,0,0,50,0,-16,34,0,-3,-40,64.png,templete63.png
744,25,37,20,35,50,0,10,13,-20,-29,-12,1141.png,templete1140.png
745,50,20,13,50,0,0,0,-20,-13,-3,16,797.png,templete796.png
746,24,44,0,42,43,0,18,-1,0,-16,14,121.png,templete120.png
747,25,50,2,13,22,29,-12,-28,27,41,33,604.png,templete603.png
748,0,6,25,7,14,50,7,8,25,22,2,724.png,templete723.png
749,23,48,50,23,22,40,0,-26,-10,-4,29,1921.png,templete1920.png
750,29,50,8,48,50,0,19,0,-8,-23,9,1284.png,templete1283.png
751,2,50,15,0,50,40,-2,0,25,25,3,471.png,templete470.png
752,1,0,0,9,18,16,8,18,16,4,-6,1802.png,templete1801.png
753,16,15,0,7,34,29,-9,19,29,24,-19,195.png,templete194.png
754,45,0,0,50,0,17,5,0,17,6,9,1122.png,templete1121.png
755,15,19,0,15,45,29,0,26,29,19,-24,274.png,templete273.png
756,50,20,1,31,0,37,-19,-20,36,43,13,549.png,templete548.png
757,14,19,13,18,25,0,4,6,-13,-13,-7,371.png,templete370.png
758,22,26,10,0,43,41,-22,17,31,42,-29,301.png,templete300.png
759,0,12,50,5,0,13,5,-12,-37,-33,-2,1411.png,templete1410.png
760,0,50,45,0,24,50,0,-26,5,12,31,581.png,templete580.png
761,40,29,37,49,50,50,9,21,13,4,-14,428.png,templete427.png
762,50,50,38,50,37,27,0,-13,-11,-10,15,1954.png,templete1953.png
763,50,4,0,16,0,10,-34,-4,10,30,-22,1825.png,templete1824.png
764,26,50,17,42,50,0,16,0,-17,-28,6,1602.png,templete1601.png
765,0,43,11,0,50,22,0,7,11,6,-10,946.png,templete945.png
766,31,50,0,14,50,27,-17,0,27,35,-7,1359.png,templete1358.png
767,0,11,0,0,1,16,0,-10,16,11,10,534.png,templete533.png
768,34,50,24,5,14,38,-29,-36,14,40,27,277.png,templete276.png
769,0,45,50,4,14,50,4,-31,0,9,36,1099.png,templete1098.png
770,30,50,3,0,50,0,-30,0,-3,20,-20,1355.png,templete1354.png
771,41,46,32,50,14,50,9,-32,18,27,58,1676.png,templete1675.png
772,31,2,0,21,26,0,-10,24,0,1,-24,770.png,templete769.png
773,41,13,42,15,0,34,-26,-13,-8,13,-16,1558.png,templete1557.png
774,0,50,50,0,36,50,0,-14,0,3,15,1858.png,templete1857.png
775,0,50,50,20,28,50,20,-22,0,-4,40,1054.png,templete1053.png
776,26,0,32,6,29,8,-20,29,-24,-13,-51,1190.png,templete1189.png
777,1,28,0,0,44,34,-1,16,34,24,-16,1243.png,templete1242.png
778,12,29,50,0,50,50,-12,21,0,4,-30,396.png,templete395.png
779,50,0,18,30,0,0,-20,0,-18,0,-19,1434.png,templete1433.png
780,37,0,21,50,0,50,13,0,29,20,25,1537.png,templete1536.png
781,0,50,0,0,50,0,0,0,0,0,-1,1332.png,templete1331.png
782,22,12,6,35,0,36,13,-12,30,19,25,140.png,templete139.png
783,32,41,9,20,50,0,-12,9,-9,2,-25,966.png,templete965.png
784,35,21,50,0,15,50,-35,-6,0,26,-18,927.png,templete926.png
785,24,27,0,50,8,24,26,-19,24,3,43,1736.png,templete1735.png
786,19,36,26,45,42,44,26,6,18,-3,18,1036.png,templete1035.png
787,45,22,50,30,50,47,-15,28,-3,2,-48,753.png,templete752.png
788,15,50,0,0,23,22,-15,-27,22,28,24,147.png,templete146.png
789,45,15,29,30,44,18,-15,29,-11,-9,-47,848.png,templete847.png
790,50,31,11,36,1,0,-14,-30,-11,11,13,743.png,templete742.png
791,0,15,3,0,0,9,0,-15,6,6,10,680.png,templete679.png
792,39,50,42,11,34,50,-28,-16,8,34,2,953.png,templete952.png
793,50,29,50,50,50,25,0,21,-25,-33,-40,1185.png,templete1184.png
794,0,28,7,12,50,0,12,22,-7,-15,-19,585.png,templete584.png
795,40,0,50,50,13,26,10,13,-24,-32,-5,889.png,templete888.png
796,50,0,0,50,0,27,0,0,27,18,14,1720.png,templete1719.png
797,14,26,50,17,39,50,3,13,0,-3,-13,1617.png,templete1616.png
798,12,50,45,7,50,20,-5,0,-25,-22,-9,32.png,templete31.png
799,8,50,1,23,45,22,15,-5,21,5,17,1245.png,templete1244.png
800,5,50,12,35,50,6,30,0,-6,-25,14,739.png,templete738.png
801,50,0,0,47,36,0,-3,36,0,-10,-31,271.png,templete270.png
802,28,19,2,28,41,39,0,22,37,27,-14,45.png,templete44.png
803,4,14,50,35,0,14,31,-14,-36,-56,28,1100.png,templete1099.png
804,45,0,0,50,9,11,5,9,11,-1,3,414.png,templete413.png
805,21,42,0,50,36,0,29,-6,0,-24,32,795.png,templete794.png
806,50,40,36,14,12,0,-36,-28,-36,4,-5,644.png,templete643.png
807,16,0,43,50,2,46,34,2,3,-17,32,1740.png,templete1739.png
808,50,15,3,50,14,0,0,-1,-3,0,2,759.png,templete758.png
809,27,6,19,49,13,19,22,7,0,-18,13,50.png,templete49.png
810,27,50,29,5,33,50,-22,-17,21,43,10,1371.png,templete1370.png
811,0,50,49,0,50,13,0,0,-36,-36,-7,1990.png,templete1989.png
812,0,48,43,30,40,11,30,-8,-32,-50,20,1544.png,templete1543.png
813,18,0,0,35,21,26,17,21,26,3,4,547.png,templete546.png
814,3,44,0,26,27,36,23,-17,36,22,42,1157.png,templete1156.png
815,50,50,50,38,37,50,-12,-13,0,12,7,1914.png,templete1913.png
816,0,50,0,25,50,2,25,0,2,-17,10,603.png,templete602.png
817,0,23,50,33,10,34,33,-13,-16,-31,29,1437.png,templete1436.png
818,48,0,16,50,0,7,2,0,-9,-11,0,1321.png,templete1320.png
819,48,36,28,38,0,18,-10,-36,-10,9,28,1432.png,templete1431.png
820,50,11,50,50,43,50,0,32,0,-7,-36,433.png,templete432.png
821,0,30,0,14,26,0,14,-4,0,-4,7,1761.png,templete1760.png
822,25,50,14,0,42,49,-25,-8,35,63,3,1226.png,templete1225.png
823,15,50,18,40,27,0,25,-23,-18,-32,41,325.png,templete324.png
824,9,50,12,7,50,0,-2,0,-12,-5,-4,1987.png,templete1986.png
825,28,24,12,50,27,44,22,3,32,13,27,500.png,templete499.png
826,13,41,23,13,50,11,0,9,-12,-9,-14,696.png,templete695.png
827,0,50,50,0,42,32,0,-8,-18,-14,2,21.png,templete20.png
828,50,0,0,50,0,0,0,0,0,-1,0,314.png,templete313.png
829,18,30,25,0,15,17,-18,-15,-8,2,3,1480.png,templete1479.png
830,26,6,0,0,0,0,-26,-6,0,12,-12,389.png,templete388.png
831,0,0,29,6,0,8,6,0,-21,-20,-5,341.png,templete340.png
832,28,41,39,50,24,50,22,-17,11,4,39,46.png,templete45.png
833,22,18,0,50,50,14,28,32,14,-24,-12,986.png,templete985.png
834,36,27,0,19,50,12,-17,23,12,10,-34,1726.png,templete1725.png
835,21,50,35,45,15,29,24,-35,-6,-12,60,847.png,templete846.png
836,5,50,29,28,21,7,23,-29,-22,-26,44,805.png,templete804.png
837,19,36,14,7,41,34,-12,5,20,22,-9,116.png,templete115.png
838,0,43,41,4,39,50,4,-4,9,13,5,302.png,templete301.png
839,41,0,0,19,30,0,-22,30,0,7,-40,1311.png,templete1310.png
840,1,50,46,36,25,50,35,-25,4,-13,60,1239.png,templete1238.png
841,0,41,0,0,50,0,0,9,0,-4,-13,997.png,templete996.png
842,8,43,50,13,41,50,5,-2,0,0,5,579.png,templete578.png
843,50,24,0,50,20,4,0,-4,4,0,4,1384.png,templete1383.png
844,12,9,19,20,33,8,8,24,-11,-16,-18,133.png,templete132.png
845,0,4,14,25,10,12,25,6,-2,-17,8,1505.png,templete1504.png
846,24,41,28,29,50,43,5,9,15,7,-6,1911.png,templete1910.png
847,33,0,18,50,2,50,17,2,32,19,35,606.png,templete605.png
848,47,44,0,50,10,0,3,-34,0,7,43,311.png,templete310.png
849,50,0,47,50,38,50,0,38,3,-4,-36,1696.png,templete1695.png
850,37,50,16,0,50,0,-37,0,-16,14,-23,123.png,templete122.png
851,50,5,35,39,0,50,-11,-5,15,26,3,403.png,templete402.png
852,45,26,50,35,8,50,-10,-18,0,11,13,1089.png,templete1088.png
853,11,0,3,35,0,3,24,0,0,-14,15,1147.png,templete1146.png
854,0,37,50,8,27,50,8,-10,0,0,11,1047.png,templete1046.png
855,50,40,0,31,50,31,-19,10,31,37,-22,1232.png,templete1231.png
856,7,0,25,0,0,23,-7,0,-2,2,-2,1210.png,templete1209.png
857,39,30,20,16,47,44,-23,17,24,45,-35,1096.png,templete1095.png
858,0,0,0,0,1,24,0,1,24,15,4,882.png,templete881.png
859,0,43,0,5,50,29,5,7,29,23,-7,804.png,templete803.png
860,32,24,4,50,0,14,18,-24,10,0,32,830.png,templete829.png
861,28,0,0,26,19,10,-2,19,10,2,-10,1523.png,templete1522.png
862,25,0,0,0,0,0,-25,0,0,11,-11,1208.png,templete1207.png
863,50,47,41,32,16,36,-18,-31,-5,18,20,1609.png,templete1608.png
864,22,14,0,47,0,23,25,-14,23,-3,37,1567.png,templete1566.png
865,28,0,48,27,0,42,-1,0,-6,-2,-1,543.png,templete542.png
866,0,10,5,31,10,0,31,0,-5,-22,19,1759.png,templete1758.png
867,7,21,0,1,9,12,-6,-12,12,11,12,1068.png,templete1067.png
868,0,32,48,0,18,50,0,-14,2,8,16,1250.png,templete1249.png
869,0,0,42,17,14,50,17,14,8,3,5,1750.png,templete1749.png
870,34,50,50,50,50,50,16,0,0,-11,12,1927.png,templete1926.png
871,36,50,0,50,11,7,14,-39,7,1,55,35.png,templete34.png
872,50,31,42,50,42,50,0,11,8,6,-14,1653.png,templete1652.png
873,0,24,35,0,6,33,0,-18,-2,4,14,1264.png,templete1263.png
874,50,50,50,25,34,43,-25,-16,-7,17,-5,750.png,templete749.png
875,15,0,24,0,0,28,-15,0,4,10,-4,1805.png,templete1804.png
876,23,50,28,41,50,0,18,0,-28,-47,7,949.png,templete948.png
877,3,0,2,38,0,0,35,0,-2,-23,23,424.png,templete423.png
878,36,34,18,50,22,0,14,-12,-18,-16,20,1217.png,templete1216.png
879,50,50,20,50,33,18,0,-17,-2,1,19,845.png,templete844.png
880,50,14,49,50,50,10,0,36,-39,-57,-57,1861.png,templete1860.png
881,50,50,0,20,31,0,-30,-19,0,29,-1,916.png,templete915.png
882,50,48,36,50,12,36,0,-36,0,12,43,104.png,templete103.png
883,23,24,50,2,50,50,-21,26,0,14,-52,973.png,templete972.png
884,8,50,0,37,50,0,29,0,0,-20,16,266.png,templete265.png
885,7,34,29,39,10,50,32,-24,21,7,53,196.png,templete195.png
886,0,26,0,19,50,3,19,24,3,-18,-23,1903.png,templete1902.png
887,24,16,37,23,0,11,-1,-16,-26,-20,6,1307.png,templete1306.png
888,31,0,30,14,19,13,-17,19,-17,-6,-35,370.png,templete369.png
889,0,50,39,0,50,29,0,0,-10,-10,-3,1019.png,templete1018.png
890,0,29,50,0,45,30,0,16,-20,-21,-24,452.png,templete451.png
891,50,40,27,50,39,34,0,-1,7,8,5,136.png,templete135.png
892,32,50,23,20,19,5,-12,-31,-18,4,17,1774.png,templete1773.png
893,50,5,0,50,33,28,0,28,28,11,-15,942.png,templete941.png
894,4,1,46,0,20,28,-4,19,-18,-18,-21,1746.png,templete1745.png
895,17,50,50,31,50,21,14,0,-29,-42,-1,1852.png,templete1851.png
896,50,50,50,50,24,29,0,-26,-21,-18,31,1928.png,templete1927.png
897,0,50,50,0,50,50,0,0,0,2,0,1053.png,templete1052.png
898,8,32,36,30,17,40,22,-15,4,-6,34,1282.png,templete1281.png
899,14,0,30,0,0,37,-14,0,7,9,-3,1477.png,templete1476.png
900,37,7,50,43,11,26,6,4,-24,-26,-6,233.png,templete232.png
901,0,0,36,0,14,4,0,14,-32,-29,-18,1634.png,templete1633.png
902,0,39,8,21,50,0,21,11,-8,-19,-7,1165.png,templete1164.png
903,39,0,14,44,0,0,5,0,-14,-16,3,1181.png,templete1180.png
904,50,33,28,50,0,13,0,-33,-15,-3,24,943.png,templete942.png
905,0,34,50,0,23,50,0,-11,0,2,10,251.png,templete250.png
906,5,0,0,0,6,36,-5,6,36,27,2,183.png,templete182.png
907,26,9,50,16,0,50,-10,-9,0,7,-2,202.png,templete201.png
908,33,50,1,45,42,0,12,-8,-1,-10,19,809.png,templete808.png
909,0,31,22,10,26,6,10,-5,-16,-15,3,6.png,templete5.png
910,0,50,0,34,50,0,34,0,0,-22,17,969.png,templete968.png
911,0,50,44,14,50,35,14,0,-9,-14,2,298.png,templete297.png
912,21,0,0,50,0,28,29,0,28,0,35,1776.png,templete1775.png
913,50,0,50,50,31,50,0,31,0,-4,-26,1173.png,templete1172.png
914,50,20,37,50,30,20,0,10,-17,-20,-14,1456.png,templete1455.png
915,50,33,0,14,16,18,-36,-17,18,38,-6,59.png,templete58.png
916,44,8,10,50,47,41,6,39,31,11,-30,1608.png,templete1607.png
917,0,41,0,33,41,5,33,0,5,-19,17,23.png,templete22.png
918,15,40,37,0,43,28,-15,3,-9,-4,-13,789.png,templete788.png
919,1,13,0,23,12,0,22,-1,0,-10,11,1525.png,templete1524.png
920,5,49,50,5,45,50,0,-4,0,1,3,211.png,templete210.png
921,21,35,0,9,27,0,-12,-8,0,9,3,814.png,templete813.png
922,16,5,0,32,0,0,16,-5,0,-12,15,1520.png,templete1519.png
923,32,50,0,14,50,6,-18,0,6,15,-11,640.png,templete639.png
924,24,0,0,1,0,0,-23,0,0,9,-11,1801.png,templete1800.png
925,36,0,45,9,0,50,-27,0,5,26,-22,1448.png,templete1447.png
926,50,50,0,15,19,0,-35,-31,0,37,8,273.png,templete272.png
927,50,28,0,50,50,0,0,22,0,-7,-21,99.png,templete98.png
928,0,18,38,0,50,40,0,32,2,1,-36,1944.png,templete1943.png
929,20,7,0,4,0,33,-16,-7,33,35,3,1079.png,templete1078.png
930,0,23,30,36,18,50,36,-5,20,3,40,1414.png,templete1413.png
931,20,50,50,24,50,45,4,0,-5,-6,1,1006.png,templete1005.png
932,29,30,35,30,38,12,1,8,-23,-28,-12,260.png,templete259.png
933,26,9,34,17,6,37,-9,-3,3,12,-6,1958.png,templete1957.png
934,2,2,0,0,22,0,-2,20,0,-3,-11,1798.png,templete1797.png
935,0,39,32,29,7,26,29,-32,-6,-15,55,1381.png,templete1380.png
936,9,1,40,0,0,29,-9,-1,-11,-5,-8,340.png,templete339.png
937,50,38,0,34,21,0,-16,-17,0,16,7,1364.png,templete1363.png
938,50,22,50,50,43,45,0,21,-5,-12,-30,456.png,templete455.png
939,1,9,12,0,30,0,-1,21,-12,-11,-19,1069.png,templete1068.png
940,10,50,50,0,49,50,-10,-1,0,5,-4,618.png,templete617.png
941,50,39,49,50,2,11,0,-37,-38,-26,24,1769.png,templete1768.png
942,50,8,23,50,20,0,0,12,-23,-24,-18,1956.png,templete1955.png
943,14,39,39,0,50,3,-14,11,-36,-31,-34,774.png,templete773.png
944,0,50,25,0,49,19,0,-1,-6,-5,-1,69.png,templete68.png
945,16,0,0,34,5,0,18,5,0,-11,8,1200.png,templete1199.png
946,18,35,3,0,50,0,-18,15,-3,6,-31,737.png,templete736.png
947,50,0,11,18,35,3,-32,35,-8,7,-55,736.png,templete735.png
948,30,14,24,34,0,23,4,-14,-1,2,13,363.png,templete362.png
949,21,42,50,35,30,50,14,-12,0,-6,26,1087.png,templete1086.png
950,0,20,50,20,0,16,20,-20,-34,-43,23,620.png,templete619.png
951,0,50,2,10,35,0,10,-15,-2,1,19,1895.png,templete1894.png
952,4,6,0,0,16,38,-4,10,38,27,0,200.png,templete199.png
953,22,50,30,50,50,50,28,0,20,0,26,431.png,templete430.png
954,0,23,42,33,21,50,33,-2,8,-6,29,843.png,templete842.png
955,2,12,11,0,38,0,-2,26,-11,-11,-22,75.png,templete74.png
956,3,0,50,37,0,49,34,0,-1,-19,28,1844.png,templete1843.png
957,50,0,0,50,0,0,0,0,0,0,1,270.png,templete269.png
958,48,43,23,50,13,11,2,-30,-12,-4,30,1820.png,templete1819.png
959,43,3,47,50,37,50,7,34,3,-11,-26,1130.png,templete1129.png
960,50,50,50,34,50,50,-16,0,0,12,-13,1926.png,templete1925.png
961,0,32,24,0,50,23,0,18,-1,-2,-24,1661.png,templete1660.png
962,43,0,50,37,7,50,-6,7,0,5,-8,232.png,templete231.png
963,0,50,50,38,50,40,38,0,-10,-35,22,647.png,templete646.png
964,50,0,43,50,0,50,0,0,7,7,5,81.png,templete80.png
965,26,18,0,47,0,0,21,-18,0,-11,32,268.png,templete267.png
966,4,34,9,1,1,47,-3,-33,38,44,35,1564.png,templete1563.png
967,25,3,1,50,0,0,25,-3,-1,-21,22,511.png,templete510.png
968,34,11,50,50,2,50,16,-9,0,-12,26,1027.png,templete1026.png
969,50,0,14,31,0,30,-19,0,16,25,-5,831.png,templete830.png
970,0,36,20,20,7,0,20,-29,-20,-22,37,1078.png,templete1077.png
971,23,12,0,48,0,0,25,-12,0,-17,27,1526.png,templete1525.png
972,13,18,0,10,12,8,-3,-6,8,8,4,1290.png,templete1289.png
973,18,0,23,7,10,50,-11,10,27,32,-2,887.png,templete886.png
974,44,20,50,15,14,50,-29,-6,0,24,-23,421.png,templete420.png
975,0,35,45,0,36,33,0,1,-12,-11,-6,1300.png,templete1299.png
976,13,50,50,0,50,50,-13,0,0,8,-9,1017.png,templete1016.png
977,50,14,8,50,0,46,0,-14,38,37,26,478.png,templete477.png
978,26,0,5,50,35,0,24,35,-5,-31,-13,672.png,templete671.png
979,50,50,0,50,50,0,0,0,0,-1,-1,361.png,templete360.png
980,0,26,11,39,50,18,39,24,7,-30,-4,592.png,templete591.png
981,46,1,16,11,0,0,-35,-1,-16,10,-34,688.png,templete687.png
982,50,30,28,50,26,50,0,-4,22,25,13,1176.png,templete1175.png
983,15,50,50,0,41,50,-15,-9,0,12,0,1917.png,templete1916.png
984,50,0,39,50,0,50,0,0,11,13,7,418.png,templete417.png
985,39,40,45,19,36,14,-20,-4,-31,-17,-16,115.png,templete114.png
986,12,0,50,0,0,47,-12,0,-3,3,-5,1832.png,templete1831.png
987,0,13,0,0,19,0,0,6,0,-1,-6,1901.png,templete1900.png
988,13,50,11,39,15,0,26,-35,-11,-17,54,697.png,templete696.png
989,32,0,43,46,33,4,14,33,-39,-59,-36,963.png,templete962.png
990,3,50,0,14,50,0,11,0,0,-7,3,532.png,templete531.png
991,29,12,23,43,2,0,14,-10,-23,-26,8,42.png,templete41.png
992,32,8,6,9,3,34,-23,-5,28,37,-2,127.png,templete126.png
993,12,40,50,39,40,45,27,0,-5,-20,20,114.png,templete113.png
994,0,39,26,10,21,0,10,-18,-26,-19,13,551.png,templete550.png
995,50,39,0,49,50,18,-1,11,18,9,-14,1512.png,templete1511.png
996,47,0,23,23,0,0,-24,0,-23,0,-23,1568.png,templete1567.png
997,20,50,34,0,36,20,-20,-14,-14,-1,4,1077.png,templete1076.png
998,16,38,50,6,33,11,-10,-5,-39,-29,-13,143.png,templete142.png
999,43,50,0,50,43,0,7,-7,0,-4,13,102.png,templete101.png
1000,41,24,0,2,50,0,-39,26,0,16,-57,538.png,templete537.png
1001,9,10,12,0,0,0,-9,-10,-12,-5,0,1619.png,templete1618.png
1002,15,0,4,20,21,23,5,21,19,9,-7,1325.png,templete1324.png
1003,18,7,45,19,37,50,1,30,5,4,-22,3.png,templete2.png
1004,31,0,16,37,15,32,6,15,16,6,0,1297.png,templete1296.png
1005,0,50,0,0,50,0,0,0,0,0,0,662.png,templete661.png
1006,50,0,0,23,0,6,-27,0,6,18,-16,512.png,templete511.png
1007,18,0,25,8,27,50,-10,27,25,33,-22,1827.png,templete1826.png
1008,50,0,31,37,0,50,-13,0,19,29,-1,570.png,templete569.png
1009,50,0,24,21,32,47,-29,32,23,35,-47,1755.png,templete1754.png
1010,0,22,39,0,5,50,0,-17,11,15,19,1115.png,templete1114.png
1011,23,50,0,34,39,27,11,-11,27,18,25,1863.png,templete1862.png
1012,49,18,12,49,50,14,0,32,2,-10,-35,460.png,templete459.png
1013,50,0,0,34,2,18,-16,2,18,20,-6,1647.png,templete1646.png
1014,37,15,32,18,0,50,-19,-15,18,37,1,1298.png,templete1297.png
1015,50,48,50,23,48,50,-27,0,0,20,-22,1920.png,templete1919.png
1016,29,0,31,11,0,33,-18,0,2,13,-12,1781.png,templete1780.png
1017,14,37,50,33,50,27,19,13,-23,-44,-12,1305.png,templete1304.png
1018,50,30,50,50,33,50,0,3,0,0,-2,1498.png,templete1497.png
1019,32,16,36,30,40,12,-2,24,-24,-28,-37,1610.png,templete1609.png
1020,10,35,0,46,8,21,36,-27,21,-4,68,1896.png,templete1895.png
1021,22,0,19,29,35,23,7,35,4,-10,-22,518.png,templete517.png
1022,21,50,45,48,48,10,27,-2,-35,-57,16,642.png,templete641.png
1023,45,0,0,45,22,0,0,22,0,-7,-13,1256.png,templete1255.png
1024,13,0,0,45,0,37,32,0,37,7,39,1107.png,templete1106.png
1025,0,50,3,0,25,33,0,-25,30,34,32,775.png,templete774.png
1026,39,15,0,50,26,0,11,11,0,-14,2,698.png,templete697.png
1027,0,28,0,13,0,2,13,-28,2,-1,23,1552.png,templete1551.png
1028,11,0,33,20,0,41,9,0,8,4,8,1782.png,templete1781.png
1029,12,20,26,0,42,50,-12,22,24,32,-28,521.png,templete520.png
1030,0,0,26,33,28,50,33,28,24,4,7,730.png,templete729.png
1031,19,0,47,10,21,15,-9,21,-32,-25,-33,85.png,templete84.png
1032,7,50,50,23,50,28,16,0,-22,-32,5,948.png,templete947.png
1033,39,25,7,10,44,0,-29,19,-7,6,-42,90.png,templete89.png
1034,50,50,47,45,50,50,-5,0,3,9,-4,896.png,templete895.png
1035,50,0,37,22,0,25,-28,0,-12,11,-25,1195.png,templete1194.png
1036,41,3,0,22,0,0,-19,-3,0,11,-11,1350.png,templete1349.png
1037,43,0,11,50,34,0,7,34,-11,-27,-29,1275.png,templete1274.png
1038,34,26,0,36,39,11,2,13,11,0,-14,1578.png,templete1577.png
1039,15,43,18,25,37,20,10,-6,2,-5,13,1140.png,templete1139.png
1040,8,0,10,26,6,0,18,6,-10,-20,6,388.png,templete387.png
1041,33,21,50,50,50,20,17,29,-30,-55,-32,844.png,templete843.png
1042,46,0,0,21,0,0,-25,0,0,16,-16,1899.png,templete1898.png
1043,0,50,42,35,50,50,35,0,8,-10,23,1160.png,templete1159.png
1044,8,50,13,0,48,0,-8,-2,-13,-10,-3,1136.png,templete1135.png
1045,7,0,8,0,37,37,-7,37,29,24,-30,509.png,templete508.png
1046,0,50,0,0,46,0,0,-4,0,2,3,1221.png,templete1220.png
1047,20,20,0,1,41,37,-19,21,37,36,-28,1396.png,templete1395.png
1048,28,50,32,39,11,22,11,-39,-10,-10,57,1996.png,templete1995.png
1049,1,1,47,0,0,23,-1,-1,-24,-18,-4,1565.png,templete1564.png
1050,0,5,14,36,0,0,36,-5,-14,-25,21,165.png,templete164.png
1051,50,26,14,48,43,23,-2,17,9,0,-19,1819.png,templete1818.png
1052,21,50,0,10,41,0,-11,-9,0,9,3,818.png,templete817.png
1053,0,50,0,0,50,0,0,0,0,0,-1,793.png,templete792.png
1054,0,15,0,19,0,0,19,-15,0,-6,17,1763.png,templete1762.png
1055,0,0,9,20,21,35,20,21,26,11,3,1292.png,templete1291.png
1056,40,0,0,7,0,0,-33,0,0,25,-26,1935.png,templete1934.png
1057,0,28,8,0,30,0,0,2,-8,-6,-3,1000.png,templete999.png
1058,33,3,50,50,42,42,17,39,-8,-32,-30,1681.png,templete1680.png
1059,36,0,17,36,9,0,0,9,-17,-15,-7,1482.png,templete1481.png
1060,13,24,0,46,0,0,33,-24,0,-19,43,1898.png,templete1897.png
1061,50,50,19,50,50,0,0,0,-19,-21,-6,915.png,templete914.png
1062,22,0,47,0,0,27,-22,0,-20,-4,-19,406.png,templete405.png
1063,50,13,11,50,13,12,0,0,1,-1,1,1821.png,templete1820.png
1064,25,50,48,20,50,15,-5,0,-33,-32,-12,1345.png,templete1344.png
1065,8,40,0,2,12,11,-6,-28,11,12,23,74.png,templete73.png
1066,50,0,44,35,0,11,-15,0,-33,-21,-25,1794.png,templete1793.png
1067,0,47,50,17,50,50,17,3,0,-8,2,1856.png,templete1855.png
1068,16,42,39,33,3,29,17,-39,-10,-11,49,181.png,templete180.png
1069,0,0,23,29,37,29,29,37,6,-16,-13,1211.png,templete1210.png
1070,3,0,29,13,0,2,10,0,-27,-29,-2,305.png,templete304.png
1071,0,9,34,0,3,50,0,-6,16,20,12,1060.png,templete1059.png
1072,31,36,0,50,26,30,19,-10,30,10,36,226.png,templete225.png
1073,0,10,0,0,2,4,0,-8,4,0,4,224.png,templete223.png
1074,41,0,50,22,20,27,-19,20,-23,-10,-39,572.png,templete571.png
1075,50,0,50,50,0,50,0,0,0,1,1,419.png,templete418.png
1076,0,42,0,37,34,19,37,-8,19,-9,31,719.png,templete718.png
1077,50,42,39,32,26,50,-18,-16,11,34,13,1604.png,templete1603.png
1078,10,2,50,0,13,42,-10,11,-8,-4,-11,1813.png,templete1812.png
1079,19,50,3,0,14,38,-19,-36,35,54,37,1904.png,templete1903.png
1080,21,19,33,18,0,16,-3,-19,-17,-5,5,715.png,templete714.png
1081,39,0,16,48,12,0,9,12,-16,-21,-2,1309.png,templete1308.png
1082,50,50,50,50,11,50,0,-39,0,10,52,432.png,templete431.png
1083,20,50,0,1,50,0,-19,0,0,13,-14,967.png,templete966.png
1084,50,20,4,50,20,37,0,0,33,29,15,1385.png,templete1384.png
1085,50,0,17,50,2,0,0,2,-17,-10,-4,1123.png,templete1122.png
1086,50,21,26,50,0,7,0,-21,-19,-8,8,1531.png,templete1530.png
1087,50,48,50,22,50,30,-28,2,-20,0,-34,430.png,templete429.png
1088,50,25,50,39,39,50,-11,14,0,5,-25,1684.png,templete1683.png
1089,10,21,15,0,0,10,-10,-21,-5,1,6,86.png,templete85.png
1090,22,6,15,0,28,0,-22,22,-15,-6,-39,1551.png,templete1550.png
1091,35,0,14,50,10,39,15,10,25,6,20,1101.png,templete1100.png
1092,50,50,26,27,50,0,-23,0,-26,-9,-28,1594.png,templete1593.png
1093,0,22,10,0,50,40,0,28,30,26,-29,597.png,templete596.png
1094,13,33,14,49,50,31,36,17,17,-19,9,498.png,templete497.png
1095,36,1,0,41,0,13,5,-1,13,3,8,744.png,templete743.png
1096,12,49,12,20,40,1,8,-9,-11,-15,12,1873.png,templete1872.png
1097,43,25,50,25,33,31,-18,8,-19,-7,-32,637.png,templete636.png
1098,50,20,39,43,13,50,-7,-7,11,15,6,980.png,templete979.png
1099,9,19,44,0,0,33,-9,-19,-11,-3,8,682.png,templete681.png
1100,41,0,0,50,0,0,9,0,0,-6,6,860.png,templete859.png
1101,50,25,50,50,35,50,0,10,0,-1,-12,748.png,templete747.png
1102,50,37,50,28,50,40,-22,13,-10,4,-39,377.png,templete376.png
1103,50,3,33,32,24,4,-18,21,-29,-20,-40,829.png,templete828.png
1104,34,0,23,50,0,17,16,0,-6,-15,13,364.png,templete363.png
1105,42,23,22,50,17,50,8,-6,28,21,21,1453.png,templete1452.png
1106,16,2,0,41,24,0,25,22,0,-26,3,537.png,templete536.png
1107,20,27,41,24,42,6,4,15,-35,-41,-21,1375.png,templete1374.png
1108,50,25,47,50,0,12,0,-25,-35,-29,13,1931.png,templete1930.png
1109,0,19,33,0,12,20,0,-7,-13,-9,5,524.png,templete523.png
1110,0,50,48,20,50,34,20,0,-14,-23,6,1076.png,templete1075.png
1111,47,10,0,50,39,33,3,29,33,13,-18,1649.png,templete1648.png
1112,0,50,24,0,25,24,0,-25,0,7,28,632.png,templete631.png
1113,50,19,9,50,14,1,0,-5,-8,-3,2,1528.png,templete1527.png
1114,0,50,0,25,50,10,25,0,10,-10,10,553.png,templete552.png
1115,38,25,13,20,0,23,-18,-25,10,24,9,701.png,templete700.png
1116,20,0,24,4,0,40,-16,0,16,29,-9,1632.png,templete1631.png
1117,27,0,0,20,0,24,-7,0,24,22,0,1631.png,templete1630.png
1118,50,2,50,50,2,50,0,0,0,1,2,607.png,templete606.png
1119,9,0,50,6,0,16,-3,0,-34,-30,-14,909.png,templete908.png
1120,10,7,3,0,0,21,-10,-7,18,17,2,703.png,templete702.png
1121,43,11,26,17,0,0,-26,-11,-26,-5,-26,234.png,templete233.png
1122,44,29,0,50,7,0,6,-22,0,0,29,983.png,templete982.png
1123,0,50,0,0,50,0,0,0,0,1,-1,675.png,templete674.png
1124,15,50,46,0,35,36,-15,-15,-10,2,7,1494.png,templete1493.png
1125,15,50,27,0,31,9,-15,-19,-18,0,10,1885.png,templete1884.png
1126,31,50,21,41,38,50,10,-12,29,25,32,1853.png,templete1852.png
1127,31,18,27,50,0,14,19,-18,-13,-28,27,1118.png,templete1117.png
1128,0,9,0,19,3,0,19,-6,0,-7,14,870.png,templete869.png
1129,34,40,50,0,25,50,-34,-15,0,26,-4,777.png,templete776.png
1130,9,8,36,28,0,48,19,-8,12,4,24,542.png,templete541.png
1131,6,49,16,44,29,0,38,-20,-16,-39,46,982.png,templete981.png
1132,13,0,13,30,2,26,17,2,13,-2,16,833.png,templete832.png
1133,50,2,35,47,2,50,-3,0,15,20,6,1848.png,templete1847.png
1134,40,17,50,8,0,15,-32,-17,-35,-11,-21,1394.png,templete1393.png
1135,16,0,29,34,0,50,18,0,21,12,23,174.png,templete173.png
1136,32,8,50,3,0,50,-29,-8,0,23,-21,1843.png,templete1842.png
1137,0,0,16,19,0,0,19,0,-16,-21,6,1829.png,templete1828.png
1138,0,1,4,11,0,29,11,-1,25,15,10,1790.png,templete1789.png
1139,0,50,40,0,50,45,0,0,5,8,-1,1945.png,templete1944.png
1140,34,45,0,3,44,0,-31,-1,0,25,-22,1156.png,templete1155.png
1141,50,25,4,27,1,18,-23,-24,14,32,7,410.png,templete409.png
1142,15,50,13,23,50,28,8,0,15,8,8,1890.png,templete1889.png
1143,50,34,31,16,25,38,-34,-9,7,38,-18,1278.png,templete1277.png
1144,3,19,0,0,50,16,-3,31,16,3,-30,666.png,templete665.png
1145,49,50,14,50,50,0,1,0,-14,-11,-4,461.png,templete460.png
1146,50,42,12,50,50,0,0,8,-12,-13,-14,1489.png,templete1488.png
1147,0,10,42,39,10,50,39,0,8,-13,35,496.png,templete495.png
1148,14,0,50,38,7,50,24,7,0,-15,21,1834.png,templete1833.png
1149,0,30,29,24,21,7,24,-9,-22,-32,14,483.png,templete482.png
1150,46,16,23,50,28,25,4,12,2,-7,-6,1230.png,templete1229.png
1151,16,43,50,50,5,50,34,-38,0,-20,76,1644.png,templete1643.png
1152,45,37,14,6,37,17,-39,0,3,30,-28,1254.png,templete1253.png
1153,12,26,29,0,44,50,-12,18,21,29,-21,1871.png,templete1870.png
1154,9,10,10,34,0,18,25,-10,8,-12,25,1444.png,templete1443.png
1155,43,0,2,41,0,0,-2,0,-2,1,-1,859.png,templete858.png
1156,19,24,28,2,29,0,-17,5,-28,-19,-25,1401.png,templete1400.png
1157,0,34,50,12,50,27,12,16,-23,-32,-19,975.png,templete974.png
1158,0,18,50,0,1,50,0,-17,0,4,16,1663.png,templete1662.png
1159,0,0,17,27,0,30,27,0,13,-2,20,88.png,templete87.png
1160,0,0,9,9,19,44,9,19,35,28,0,681.png,templete680.png
1161,0,50,50,0,50,50,0,0,0,2,-2,109.png,templete108.png
1162,50,0,0,37,25,9,-13,25,9,5,-24,1734.png,templete1733.png
1163,32,0,6,0,0,0,-32,0,-6,14,-18,331.png,templete330.png
1164,13,0,26,29,0,31,16,0,5,-4,16,1780.png,templete1779.png
1165,50,50,50,50,50,50,0,0,0,0,0,1038.png,templete1037.png
1166,14,47,11,8,50,0,-6,3,-11,-8,-11,583.png,templete582.png
1167,14,14,0,13,18,0,-1,4,0,0,-5,1289.png,templete1288.png
1168,16,50,50,46,16,23,30,-34,-27,-47,64,1229.png,templete1228.png
1169,43,28,50,24,4,41,-19,-24,-9,8,5,1656.png,templete1655.png
1170,17,0,0,16,2,0,-1,2,0,0,0,536.png,templete535.png
1171,9,50,45,0,26,11,-9,-24,-34,-22,16,591.png,templete590.png
1172,29,37,29,50,4,2,21,-33,-27,-31,42,1212.png,templete1211.png
1173,0,17,14,19,43,0,19,26,-14,-28,-22,130.png,templete129.png
1174,48,8,41,32,41,13,-16,33,-28,-22,-57,854.png,templete853.png
1175,0,14,38,6,0,50,6,-14,12,17,17,1905.png,templete1904.png
1176,26,29,2,50,50,0,24,21,-2,-30,-5,1882.png,templete1881.png
1177,40,50,50,50,30,33,10,-20,-17,-18,25,79.png,templete78.png
1178,23,0,6,0,0,0,-23,0,-6,11,-16,513.png,templete512.png
1179,0,50,13,0,43,0,0,-7,-13,-10,6,1991.png,templete1990.png
1180,8,0,50,16,38,50,8,38,0,-6,-29,142.png,templete141.png
1181,50,50,29,38,12,0,-12,-38,-29,-5,24,138.png,templete137.png
1182,50,40,35,50,6,32,0,-34,-3,4,38,898.png,templete897.png
1183,2,14,11,36,0,0,34,-14,-11,-23,31,540.png,templete539.png
1184,0,50,0,33,50,1,33,0,1,-23,14,808.png,templete807.png
1185,12,22,0,3,6,0,-9,-16,0,8,5,163.png,templete162.png
1186,22,0,0,2,11,26,-20,11,26,29,-15,1034.png,templete1033.png
1187,20,16,31,0,0,50,-20,-16,19,30,7,1714.png,templete1713.png
1188,21,50,50,50,50,12,29,0,-38,-65,13,920.png,templete919.png
1189,50,34,0,16,0,29,-34,-34,29,52,14,173.png,templete172.png
1190,0,45,50,15,40,37,15,-5,-13,-18,8,788.png,templete787.png
1191,6,42,0,0,22,0,-6,-20,0,7,17,1940.png,templete1939.png
1192,0,50,0,0,50,0,0,0,0,0,-2,65.png,templete64.png
1193,16,0,10,18,0,25,2,0,15,11,4,1826.png,templete1825.png
1194,6,50,28,0,12,28,-6,-38,0,15,41,1168.png,templete1167.png
1195,17,39,50,9,10,12,-8,-29,-38,-27,13,1618.png,templete1617.png
1196,5,29,50,0,0,19,-5,-29,-31,-24,13,1711.png,templete1710.png
1197,19,19,43,50,0,50,31,-19,7,-11,49,1419.png,templete1418.png
1198,50,40,2,50,50,0,0,10,-2,-7,-14,360.png,templete359.png
1199,9,40,0,0,50,11,-9,10,11,9,-17,1378.png,templete1377.png
1200,50,21,0,50,21,26,0,0,26,17,8,1530.png,templete1529.png
1201,50,20,37,36,50,22,-14,30,-15,-9,-54,1386.png,templete1385.png
1202,50,22,19,34,0,37,-16,-22,18,29,11,1270.png,templete1269.png
1203,0,0,23,22,14,0,22,14,-23,-32,-2,1566.png,templete1565.png
1204,50,50,50,46,21,42,-4,-29,-8,3,35,1592.png,templete1591.png
1205,50,0,31,50,0,24,0,0,-7,-8,-2,1754.png,templete1753.png
1206,50,0,50,27,0,50,-23,0,0,14,-17,385.png,templete384.png
1207,10,32,45,12,36,40,2,4,-5,-5,-4,1951.png,templete1950.png
1208,26,47,3,50,50,0,24,3,-3,-24,11,262.png,templete261.png
1209,50,19,46,15,19,44,-35,0,-2,27,-31,1998.png,templete1997.png
1210,4,0,25,0,0,6,-4,0,-19,-15,-5,707.png,templete706.png
1211,22,0,0,14,7,0,-8,7,0,3,-6,1621.png,templete1620.png
1212,21,26,0,25,0,27,4,-26,27,22,27,771.png,templete770.png
1213,2,0,45,27,22,13,25,22,-32,-41,-7,61.png,templete60.png
1214,0,28,0,0,0,0,0,-28,0,5,24,220.png,templete219.png
1215,34,0,17,4,0,0,-30,0,-17,10,-31,504.png,templete503.png
1216,0,13,42,0,0,23,0,-13,-19,-16,2,1814.png,templete1813.png
1217,8,0,7,4,0,39,-4,0,32,28,5,705.png,templete704.png
1218,5,25,26,0,28,8,-5,3,-18,-12,-6,999.png,templete998.png
1219,34,2,29,18,8,50,-16,6,21,31,-7,1408.png,templete1407.png
1220,50,50,4,50,22,0,0,-28,-4,5,31,25.png,templete24.png
1221,39,39,50,36,37,14,-3,-2,-36,-37,-15,1685.png,templete1684.png
1222,50,41,20,50,5,35,0,-36,15,22,46,402.png,templete401.png
1223,41,0,39,32,0,43,-9,0,4,9,-4,962.png,templete961.png
1224,18,0,0,11,0,1,-7,0,1,5,-6,1501.png,templete1500.png
1225,18,7,23,34,2,29,16,-5,6,-3,16,1407.png,templete1406.png
1226,7,9,25,0,47,0,-7,38,-25,-30,-48,1058.png,templete1057.png
1227,0,50,0,5,25,26,5,-25,26,24,33,998.png,templete997.png
1228,9,27,0,21,0,2,12,-27,2,-1,31,815.png,templete814.png
1229,50,35,19,50,0,9,0,-35,-10,1,27,1105.png,templete1104.png
1230,19,17,50,43,28,50,24,11,0,-18,10,1655.png,templete1654.png
1231,0,0,11,20,0,0,20,0,-11,-12,7,1571.png,templete1570.png
1232,50,40,19,50,50,6,0,10,-13,-19,-19,1960.png,templete1959.png
1233,16,0,40,45,0,50,29,0,10,-6,35,1792.png,templete1791.png
1234,50,4,9,18,18,25,-32,14,16,26,-29,150.png,templete149.png
1235,20,0,0,20,26,8,0,26,8,-3,-16,1572.png,templete1571.png
1236,33,43,50,50,34,50,17,-9,0,-12,29,239.png,templete238.png
1237,50,50,30,50,50,24,0,0,-6,-7,-2,399.png,templete398.png
1238,40,50,32,2,24,37,-38,-26,5,36,3,296.png,templete295.png
1239,37,0,49,50,0,21,13,0,-28,-40,3,1845.png,templete1844.png
1240,8,18,25,7,9,25,-1,-9,0,2,8,1057.png,templete1056.png
1241,43,25,0,50,15,0,7,-10,0,-2,16,1286.png,templete1285.png
1242,15,50,46,17,11,50,2,-39,4,11,46,1127.png,templete1126.png
1243,0,43,50,0,50,50,0,7,0,1,-9,30.png,templete29.png
1244,34,0,3,11,0,3,-23,0,0,17,-16,1146.png,templete1145.png
1245,0,18,47,10,43,50,10,25,3,-5,-22,629.png,templete628.png
1246,0,0,9,0,0,9,0,0,0,1,0,840.png,templete839.png
1247,6,17,0,0,1,0,-6,-16,0,5,12,1729.png,templete1728.png
1248,0,47,50,0,28,27,0,-19,-23,-17,16,1389.png,templete1388.png
1249,29,50,43,26,50,37,-3,0,-6,-3,-5,1912.png,templete1911.png
1250,5,0,0,43,29,0,38,29,0,-34,2,1485.png,templete1484.png
1251,8,45,0,1,10,0,-7,-35,0,10,37,1138.png,templete1137.png
1252,28,15,50,50,0,50,22,-15,0,-12,33,959.png,templete958.png
1253,34,40,34,28,50,50,-6,10,16,20,-15,1670.png,templete1669.png
1254,14,0,42,8,20,50,-6,20,8,13,-19,1044.png,templete1043.png
1255,6,7,25,0,0,2,-6,-7,-23,-15,-6,937.png,templete936.png
1256,35,45,35,14,50,35,-21,5,0,12,-20,600.png,templete599.png
1257,50,50,50,41,27,11,-9,-23,-39,-26,11,670.png,templete669.png
1258,34,0,50,19,28,22,-15,28,-28,-18,-42,107.png,templete106.png
1259,11,1,0,0,31,0,-11,30,0,-2,-28,692.png,templete691.png
1260,46,0,50,9,0,50,-37,0,0,27,-32,908.png,templete907.png
1261,0,16,38,26,9,50,26,-7,12,3,27,201.png,templete200.png
1262,30,0,22,20,31,30,-10,31,8,8,-34,1850.png,templete1849.png
1263,0,31,0,35,35,0,35,4,0,-24,12,693.png,templete692.png
1264,0,50,0,36,23,0,36,-27,0,-15,53,1700.png,templete1699.png
1265,50,39,34,50,50,29,0,11,-5,-6,-13,137.png,templete136.png
1266,50,50,11,32,41,9,-18,-9,-2,14,-5,965.png,templete964.png
1267,50,21,15,50,31,11,0,10,-4,-6,-8,742.png,templete741.png
1268,50,50,0,13,41,23,-37,-9,23,50,-12,695.png,templete694.png
1269,0,0,0,0,34,0,0,34,0,-7,-28,1562.png,templete1561.png
1270,0,50,20,0,50,11,0,0,-9,-5,-3,1869.png,templete1868.png
1271,27,1,18,28,0,0,1,-1,-18,-10,-4,411.png,templete410.png
1272,23,25,16,50,50,50,27,25,34,6,2,1923.png,templete1922.png
1273,3,4,46,0,17,14,-3,13,-32,-26,-18,129.png,templete128.png
1274,15,48,38,0,50,33,-15,2,-5,4,-9,67.png,templete66.png
1275,50,44,50,17,14,49,-33,-30,-1,34,11,558.png,templete557.png
1276,38,50,38,7,50,4,-31,0,-34,-14,-39,1584.png,templete1583.png
1277,0,6,36,0,6,40,0,0,4,4,1,184.png,templete183.png
1278,34,0,37,26,0,50,-8,0,13,21,0,1271.png,templete1270.png
1279,36,32,0,50,43,15,14,11,15,-7,-1,1487.png,templete1486.png
1280,36,37,14,50,0,21,14,-37,7,2,50,1686.png,templete1685.png
1281,21,50,0,38,50,0,17,0,0,-16,10,1166.png,templete1165.png
1282,50,4,50,50,0,12,0,-4,-38,-36,-12,502.png,templete501.png
1283,8,20,16,8,40,0,0,20,-16,-18,-21,73.png,templete72.png
1284,35,8,50,36,7,18,1,-1,-32,-34,-8,1090.png,templete1089.png
1285,11,50,0,43,50,0,32,0,0,-21,17,101.png,templete100.png
1286,3,50,0,0,20,0,-3,-30,0,10,32,1982.png,templete1981.png
1287,0,36,50,24,24,43,24,-12,-7,-18,29,1859.png,templete1858.png
1288,50,14,0,34,26,0,-16,12,0,6,-21,1577.png,templete1576.png
1289,35,17,0,50,0,33,15,-17,33,16,42,1295.png,templete1294.png
1290,24,17,0,9,32,0,-15,15,0,8,-27,654.png,templete653.png
1291,0,20,0,0,0,0,0,-20,0,3,12,1205.png,templete1204.png
1292,50,31,31,50,34,31,0,3,0,0,-3,1277.png,templete1276.png
1293,38,0,18,50,0,16,12,0,-2,-10,13,1731.png,templete1730.png
1294,50,0,22,18,0,0,-32,0,-22,3,-32,546.png,templete545.png
1295,0,50,0,1,50,27,1,0,27,23,1,1586.png,templete1585.png
1296,28,35,8,50,0,0,22,-35,-8,-14,46,1719.png,templete1718.png
1297,32,41,13,8,50,8,-24,9,-5,11,-35,855.png,templete854.png
1298,50,23,42,50,50,20,0,27,-22,-31,-41,1463.png,templete1462.png
1299,2,47,26,19,34,42,17,-13,16,8,27,1008.png,templete1007.png
1300,16,0,12,16,0,28,0,0,16,13,5,515.png,templete514.png
1301,50,9,33,16,0,43,-34,-9,10,39,-18,1739.png,templete1738.png
1302,41,38,50,2,11,46,-39,-27,-4,31,0,1854.png,templete1853.png
1303,31,30,0,25,4,23,-6,-26,23,28,28,1639.png,templete1638.png
1304,1,25,39,20,50,50,19,25,11,1,-18,1005.png,templete1004.png
1305,6,37,17,45,0,0,39,-37,-17,-32,60,1255.png,templete1254.png
1306,0,18,23,10,21,46,10,3,23,19,10,1474.png,templete1473.png
1307,0,0,0,14,38,7,14,38,7,-12,-27,562.png,templete561.png
1308,26,19,27,16,42,39,-10,23,12,11,-26,180.png,templete179.png
1309,20,0,23,10,7,3,-10,7,-20,-7,-15,702.png,templete701.png
1310,0,0,2,1,25,39,1,25,37,30,-11,1004.png,templete1003.png
1311,0,36,33,4,21,50,4,-15,17,19,17,1301.png,templete1300.png
1312,50,13,12,50,29,0,0,16,-12,-14,-17,1822.png,templete1821.png
1313,36,40,50,50,39,43,14,-1,-7,-21,13,476.png,templete475.png
1314,31,0,37,0,39,26,-31,39,-11,7,-61,550.png,templete549.png
1315,6,6,0,15,32,0,9,26,0,-11,-16,145.png,templete144.png
1316,0,42,45,12,12,22,12,-30,-23,-23,36,995.png,templete994.png
1317,38,0,0,4,0,11,-34,0,11,25,-21,425.png,templete424.png
1318,50,17,49,29,12,23,-21,-5,-26,-11,-20,41.png,templete40.png
1319,0,50,0,26,29,2,26,-21,2,-11,36,1881.png,templete1880.png
1320,37,0,30,48,0,50,11,0,20,14,20,37.png,templete36.png
1321,0,50,0,21,50,0,21,0,0,-11,7,1356.png,templete1355.png
1322,0,0,0,34,0,0,34,0,0,-19,20,1973.png,templete1972.png
1323,35,0,3,50,37,19,15,37,16,-12,-13,1148.png,templete1147.png
1324,18,42,50,8,20,16,-10,-22,-34,-22,8,72.png,templete71.png
1325,49,44,50,10,24,15,-39,-20,-35,-1,-17,1426.png,templete1425.png
1326,10,41,0,19,15,0,9,-26,0,3,32,819.png,templete818.png
1327,10,29,3,0,36,25,-10,7,22,19,-6,381.png,templete380.png
1328,25,50,19,0,50,24,-25,0,5,18,-15,631.png,templete630.png
1329,35,50,0,0,50,20,-35,0,20,43,-23,1868.png,templete1867.png
1330,22,13,39,43,17,23,21,4,-16,-27,12,77.png,templete76.png
1331,49,13,19,50,31,0,1,18,-19,-23,-20,51.png,templete50.png
1332,45,50,50,50,40,35,5,-10,-15,-15,11,897.png,templete896.png
1333,50,28,46,50,50,50,0,22,4,-3,-29,957.png,templete956.png
1334,27,25,50,46,0,50,19,-25,0,-6,40,907.png,templete906.png
1335,0,50,50,37,50,31,37,0,-19,-37,15,15.png,templete14.png
1336,3,32,26,35,36,28,32,4,2,-22,17,111.png,templete110.png
1337,0,12,20,0,0,45,0,-12,25,24,14,525.png,templete524.png
1338,30,14,50,9,30,18,-21,16,-32,-23,-43,438.png,templete437.png
1339,0,50,0,0,50,0,0,0,0,0,-1,676.png,templete675.png
1340,50,50,4,22,50,6,-28,0,2,23,-20,1893.png,templete1892.png
1341,18,50,50,1,50,46,-17,0,-4,10,-15,1238.png,templete1237.png
1342,23,6,0,28,30,0,5,24,0,-11,-15,1984.png,templete1983.png
1343,0,0,50,0,22,50,0,22,0,2,-16,1709.png,templete1708.png
1344,14,32,0,0,0,0,-14,-32,0,18,19,1262.png,templete1261.png
1345,8,50,0,0,28,7,-8,-22,7,11,22,584.png,templete583.png
1346,20,46,36,8,43,50,-12,-3,14,30,-2,578.png,templete577.png
1347,0,35,36,22,50,36,22,15,0,-15,-7,1495.png,templete1494.png
1348,50,27,36,23,0,1,-27,-27,-35,-2,-11,317.png,templete316.png
1349,46,21,42,50,50,26,4,29,-16,-28,-38,1593.png,templete1592.png
1350,0,33,0,9,50,26,9,17,26,11,-17,1472.png,templete1471.png
1351,34,0,18,50,35,44,16,35,26,3,-5,1445.png,templete1444.png
1352,14,0,32,0,30,29,-14,30,-3,1,-36,482.png,templete481.png
1353,30,0,50,0,23,45,-30,23,-5,9,-38,348.png,templete347.png
1354,5,34,0,0,50,0,-5,16,0,-3,-22,807.png,templete806.png
1355,0,23,45,18,50,11,18,27,-34,-50,-36,349.png,templete348.png
1356,50,16,20,19,0,22,-31,-16,2,27,-10,447.png,templete446.png
1357,23,50,28,41,36,28,18,-14,0,-10,35,1891.png,templete1890.png
1358,6,50,0,0,50,0,-6,0,0,2,-4,1330.png,templete1329.png
1359,50,0,16,47,0,38,-3,0,22,20,8,1688.png,templete1687.png
1360,50,0,0,50,22,11,0,22,11,0,-11,315.png,templete314.png
1361,50,10,0,50,2,24,0,-8,24,19,17,312.png,templete311.png
1362,35,50,0,24,20,0,-11,-30,0,15,27,1142.png,templete1141.png
1363,49,0,17,50,6,0,1,6,-17,-11,-5,1151.png,templete1150.png
1364,23,0,50,10,38,50,-13,38,0,3,-45,1968.png,templete1967.png
1365,15,10,50,39,0,50,24,-10,0,-14,31,1907.png,templete1906.png
1366,13,22,29,33,0,18,20,-22,-11,-19,33,605.png,templete604.png
1367,20,50,15,0,40,14,-20,-10,-1,11,1,1346.png,templete1345.png
1368,21,0,19,50,0,50,29,0,31,16,38,337.png,templete336.png
1369,0,44,34,8,50,1,8,6,-33,-33,-13,1244.png,templete1243.png
1370,50,0,44,50,29,50,0,29,6,3,-20,1184.png,templete1183.png
1371,46,33,4,50,50,11,4,17,7,-5,-19,964.png,templete963.png
1372,0,0,47,14,0,50,14,0,3,-1,7,1833.png,templete1832.png
1373,50,16,50,50,0,22,0,-16,-28,-23,5,160.png,templete159.png
1374,50,50,18,50,50,50,0,0,32,39,11,463.png,templete462.png
1375,38,37,50,50,47,50,12,10,0,-11,-1,1915.png,templete1914.png
1376,0,30,50,0,43,50,0,13,0,2,-15,29.png,templete28.png
1377,0,50,0,24,44,0,24,-6,0,-12,15,120.png,templete119.png
1378,50,5,50,42,26,17,-8,21,-33,-35,-35,1645.png,templete1644.png
1379,0,50,50,12,50,45,12,0,-5,-7,2,31.png,templete30.png
1380,27,50,50,50,41,37,23,-9,-13,-30,29,1460.png,templete1459.png
1381,50,16,50,50,50,30,0,34,-20,-29,-50,905.png,templete904.png
1382,30,0,0,50,0,0,20,0,0,-12,13,864.png,templete863.png
1383,0,33,0,0,18,38,0,-15,38,37,24,1943.png,templete1942.png
1384,6,25,13,0,32,48,-6,7,35,40,-2,1249.png,templete1248.png
1385,17,14,49,36,0,31,19,-14,-18,-29,21,559.png,templete558.png
1386,0,44,26,30,50,39,30,6,13,-4,14,1334.png,templete1333.png
1387,35,50,20,50,16,20,15,-34,0,-4,56,446.png,templete445.png
1388,0,34,0,0,7,0,0,-27,0,7,21,1938.png,templete1937.png
1389,11,32,46,19,50,17,8,18,-29,-35,-24,169.png,templete168.png
1390,30,20,31,50,17,5,20,-3,-26,-38,10,1628.png,templete1627.png
1391,0,8,19,0,7,35,0,-1,16,13,5,1014.png,templete1013.png
1392,49,50,34,17,50,34,-32,0,0,26,-29,1369.png,templete1368.png
1393,50,0,0,46,0,0,-4,0,0,2,-1,798.png,templete797.png
1394,50,28,9,45,0,0,-5,-28,-9,2,15,1121.png,templete1120.png
1395,37,25,9,24,27,0,-13,2,-9,4,-16,1735.png,templete1734.png
1396,14,0,31,5,0,50,-9,0,19,22,0,1025.png,templete1024.png
1397,0,0,48,32,0,50,32,0,2,-13,30,383.png,templete382.png
1398,43,45,15,45,50,0,2,5,-15,-16,-6,650.png,templete649.png
1399,50,18,0,34,0,3,-16,-18,3,15,2,1145.png,templete1144.png
1400,31,39,25,30,50,3,-1,11,-22,-21,-21,1354.png,templete1353.png
1401,31,35,50,19,3,25,-12,-32,-25,-13,17,1970.png,templete1969.png
1402,24,24,43,50,14,49,26,-10,6,-15,42,1860.png,templete1859.png
1403,14,0,0,0,0,0,-14,0,0,6,-8,1561.png,templete1560.png
1404,9,35,0,27,50,6,18,15,6,-15,-8,658.png,templete657.png
1405,38,50,0,50,50,20,12,0,20,2,15,1429.png,templete1428.png
1406,43,38,24,50,9,33,7,-29,9,12,38,1738.png,templete1737.png
1407,22,0,0,39,31,4,17,31,4,-19,-15,1351.png,templete1350.png
1408,50,50,0,50,39,0,0,-11,0,1,14,756.png,templete755.png
1409,42,50,48,35,50,50,-7,0,2,11,-6,1465.png,templete1464.png
1410,45,42,0,50,50,29,5,8,29,16,4,810.png,templete809.png
1411,0,50,39,2,50,47,2,0,8,7,0,12.png,templete11.png
1412,12,50,27,0,50,50,-12,0,23,28,-2,976.png,templete975.png
1413,38,7,50,50,40,50,12,33,0,-17,-23,1835.png,templete1834.png
1414,0,0,0,0,20,0,0,20,0,-3,-13,390.png,templete389.png
1415,50,50,13,13,50,0,-37,0,-13,16,-35,458.png,templete457.png
1416,50,50,34,50,50,8,0,0,-26,-32,-9,1673.png,templete1672.png
1417,27,50,0,4,32,0,-23,-18,0,21,7,1361.png,templete1360.png
1418,36,0,0,9,8,36,-27,8,36,44,-9,541.png,templete540.png
1419,13,50,50,39,50,42,26,0,-8,-26,18,952.png,templete951.png
1420,40,27,0,8,40,13,-32,13,13,25,-32,326.png,templete325.png
1421,13,50,0,0,50,0,-13,0,0,8,-8,674.png,templete673.png
1422,10,30,9,0,17,0,-10,-13,-9,4,5,800.png,templete799.png
1423,8,17,24,36,11,22,28,-6,-2,-17,25,1171.png,templete1170.png
1424,50,0,9,13,0,0,-37,0,-9,21,-32,1106.png,templete1105.png
1425,5,33,50,3,50,50,-2,17,0,2,-23,1372.png,templete1371.png
1426,15,19,44,42,2,31,27,-17,-13,-29,34,1999.png,templete1998.png
1427,34,32,47,5,25,29,-29,-7,-18,8,-18,494.png,templete493.png
1428,25,44,31,15,27,50,-10,-17,19,30,15,1030.png,templete1029.png
1429,0,0,50,0,0,50,0,0,0,2,0,1807.png,templete1806.png
1430,34,50,0,37,28,33,3,-22,33,32,41,970.png,templete969.png
1431,0,50,14,0,50,0,0,0,-14,-8,-3,119.png,templete118.png
1432,37,34,50,7,26,50,-30,-8,0,24,-14,1315.png,templete1314.png
1433,31,50,42,0,47,50,-31,-3,8,37,-18,1388.png,templete1387.png
1434,50,31,0,11,50,0,-39,19,0,18,-50,52.png,templete51.png
1435,50,24,2,19,50,0,-31,26,-2,11,-58,1439.png,templete1438.png
1436,50,0,21,50,34,11,0,34,-10,-23,-33,1846.png,templete1845.png
1437,50,39,43,50,14,8,0,-25,-35,-33,20,477.png,templete476.png
1438,50,50,25,13,50,50,-37,0,25,58,-27,625.png,templete624.png
1439,50,50,30,50,41,20,0,-9,-10,-8,9,401.png,templete400.png
1440,19,25,16,0,40,33,-19,15,17,21,-23,992.png,templete991.png
1441,32,0,0,0,0,0,-32,0,0,17,-19,874.png,templete873.png
1442,31,19,34,0,0,32,-31,-19,-2,22,-8,1467.png,templete1466.png
1443,50,0,6,41,2,21,-9,2,15,13,-1,1197.png,templete1196.png
1444,50,22,11,50,27,36,0,5,25,21,2,316.png,templete315.png
1445,0,0,0,0,0,21,0,0,21,13,5,221.png,templete220.png
1446,0,0,2,13,0,26,13,0,24,13,10,1779.png,templete1778.png
1447,6,29,8,16,44,28,10,15,20,7,-11,1191.png,templete1190.png
1448,41,27,11,26,0,5,-15,-27,-6,11,11,671.png,templete670.png
1449,43,13,50,6,49,16,-37,36,-34,-16,-87,981.png,templete980.png
1450,15,0,8,27,0,13,12,0,5,-4,8,1556.png,templete1555.png
1451,50,28,25,50,40,0,0,12,-25,-29,-22,1231.png,templete1230.png
1452,7,50,0,33,50,0,26,0,0,-20,14,1224.png,templete1223.png
1453,48,49,11,26,50,0,-22,1,-11,6,-21,1612.png,templete1611.png
1454,1,0,50,0,0,50,-1,0,0,1,0,186.png,templete185.png
1455,13,33,39,0,16,13,-13,-17,-26,-15,4,1810.png,templete1809.png
1456,4,37,0,2,2,0,-2,-35,0,7,26,1797.png,templete1796.png
1457,0,37,0,9,20,0,9,-17,0,2,15,837.png,templete836.png
1458,21,50,0,48,36,28,27,-14,28,7,45,1431.png,templete1430.png
1459,21,32,47,12,35,21,-9,3,-26,-19,-20,1756.png,templete1755.png
1460,36,18,50,35,25,50,-1,7,0,0,-5,1415.png,templete1414.png
1461,50,6,50,50,31,42,0,25,-8,-12,-26,1652.png,templete1651.png
1462,35,0,36,8,0,50,-27,0,14,34,-14,141.png,templete140.png
1463,28,50,40,0,50,12,-28,0,-28,-9,-30,378.png,templete377.png
1464,47,7,20,50,23,18,3,16,-2,-9,-9,1193.png,templete1192.png
1465,2,36,50,1,16,50,-1,-20,0,4,16,204.png,templete203.png
1466,0,2,0,0,0,36,0,-2,36,29,7,319.png,templete318.png
1467,48,43,34,26,50,17,-22,7,-17,-3,-30,1601.png,templete1600.png
1468,34,5,0,45,36,0,11,31,0,-20,-17,656.png,templete655.png
1469,50,29,0,50,11,6,0,-18,6,6,16,891.png,templete890.png
1470,50,50,8,50,50,0,0,0,-8,-8,-3,1674.png,templete1673.png
1471,14,50,35,0,34,1,-14,-16,-34,-21,5,601.png,templete600.png
1472,11,34,50,49,19,50,38,-15,0,-24,55,954.png,templete953.png
1473,0,13,25,0,14,28,0,1,3,4,2,678.png,templete677.png
1474,50,0,17,50,0,18,0,0,1,1,1,1323.png,templete1322.png
1475,0,50,35,0,50,37,0,0,2,2,-2,177.png,templete176.png
1476,24,50,45,2,47,26,-22,-3,-19,-6,-15,1007.png,templete1006.png
1477,0,1,29,9,10,10,9,9,-19,-22,-7,1443.png,templete1442.png
1478,44,31,44,48,40,46,4,9,2,0,-7,1580.png,templete1579.png
1479,6,32,50,10,50,50,4,18,0,-3,-21,617.png,templete616.png
1480,41,42,0,50,31,23,9,-11,23,14,29,924.png,templete923.png
1481,7,50,4,0,50,0,-7,0,-4,2,-4,1585.png,templete1584.png
1482,29,7,26,50,35,8,21,28,-18,-43,-15,1382.png,templete1381.png
1483,43,29,0,36,32,0,-7,3,0,3,-8,1486.png,templete1485.png
1484,0,37,50,0,29,50,0,-8,0,2,6,451.png,templete450.png
1485,19,45,17,50,44,50,31,-1,33,10,37,557.png,templete556.png
1486,20,37,18,0,50,17,-20,13,-1,11,-29,1514.png,templete1513.png
1487,12,2,37,44,31,50,32,29,13,-11,4,290.png,templete289.png
1488,18,25,0,21,34,0,3,9,0,-6,-9,372.png,templete371.png
1489,50,14,50,50,8,42,0,-6,-8,-6,6,1677.png,templete1676.png
1490,25,50,19,50,50,0,25,0,-19,-41,11,755.png,templete754.png
1491,32,50,50,29,50,50,-3,0,0,2,-2,627.png,templete626.png
1492,38,47,28,50,50,50,12,3,22,18,13,1962.png,templete1961.png
1493,4,44,0,0,41,36,-4,-3,36,31,9,1993.png,templete1992.png
1494,50,1,42,31,0,30,-19,-1,-12,2,-17,369.png,templete368.png
1495,50,0,32,50,0,29,0,0,-3,-1,1,877.png,templete876.png
1496,10,50,47,0,50,50,-10,0,3,6,-3,14.png,templete13.png
1497,50,50,9,46,30,12,-4,-20,3,9,21,1187.png,templete1186.png
1498,50,0,14,50,6,48,0,6,34,28,13,1119.png,templete1118.png
1499,25,0,18,15,0,8,-10,0,-10,0,-8,1555.png,templete1554.png
1500,0,50,50,22,25,50,22,-25,0,-5,45,977.png,templete976.png
1501,50,50,28,13,50,50,-37,0,22,59,-23,951.png,templete950.png
1502,40,0,50,40,0,30,0,0,-20,-17,-7,480.png,templete479.png
1503,38,9,0,50,14,0,12,5,0,-13,8,940.png,templete939.png
1504,13,16,14,0,32,30,-13,16,16,20,-19,1313.png,templete1312.png
1505,0,0,50,0,0,40,0,0,-10,-8,-1,215.png,templete214.png
1506,24,4,41,3,7,11,-21,3,-30,-15,-30,1657.png,templete1656.png
1507,45,0,27,24,0,0,-21,0,-27,-8,-23,568.png,templete567.png
1508,36,0,31,9,0,1,-27,0,-30,-11,-29,560.png,templete559.png
1509,40,30,40,32,8,50,-8,-22,10,23,20,1842.png,templete1841.png
1510,27,0,42,50,2,22,23,2,-20,-35,14,544.png,templete543.png
1511,10,21,0,0,50,0,-10,29,0,-6,-36,552.png,templete551.png
1512,29,22,16,8,32,36,-21,10,20,36,-24,1281.png,templete1280.png
1513,0,16,13,0,26,50,0,10,37,32,0,1811.png,templete1810.png
1514,19,38,1,38,5,0,19,-33,-1,-7,41,768.png,templete767.png
1515,50,0,50,50,22,50,0,22,0,-4,-13,455.png,templete454.png
1516,17,0,0,26,37,39,9,37,39,19,-18,235.png,templete234.png
1517,50,37,27,50,8,23,0,-29,-4,1,35,1955.png,templete1954.png
1518,50,0,12,34,0,17,-16,0,5,12,-11,503.png,templete502.png
1519,0,0,50,14,0,50,14,0,0,-4,8,1303.png,templete1302.png
1520,0,20,35,0,50,49,0,30,14,12,-33,237.png,templete236.png
1521,32,50,50,21,42,50,-11,-8,0,9,1,1086.png,templete1085.png
1522,50,29,41,50,0,50,0,-29,9,15,34,1694.png,templete1693.png
1523,23,2,19,22,40,7,-1,38,-12,-17,-37,564.png,templete563.png
1524,9,30,18,0,31,27,-9,1,9,10,-4,439.png,templete438.png
1525,19,50,17,43,49,0,24,-1,-17,-35,11,170.png,templete169.png
1526,50,48,26,15,46,3,-35,-2,-23,6,-31,1589.png,templete1588.png
1527,20,50,50,2,50,31,-18,0,-19,-7,-20,1065.png,templete1064.png
1528,0,20,28,22,27,11,22,7,-17,-32,-2,1747.png,templete1746.png
1529,0,50,23,0,50,0,0,0,-23,-22,-7,218.png,templete217.png
1530,0,37,37,25,3,1,25,-34,-36,-36,37,510.png,templete509.png
1531,4,39,50,42,5,41,38,-34,-9,-28,67,303.png,templete302.png
1532,0,0,0,7,0,25,7,0,25,15,6,1209.png,templete1208.png
1533,50,50,40,44,50,50,-6,0,10,13,-2,913.png,templete912.png
1534,26,27,36,6,32,50,-20,5,14,30,-18,616.png,templete615.png
1535,39,50,0,50,40,27,11,-10,27,12,26,135.png,templete134.png
1536,0,49,50,0,20,50,0,-29,0,7,32,619.png,templete618.png
1537,30,50,0,0,50,0,-30,0,0,17,-16,792.png,templete791.png
1538,0,45,0,36,50,0,36,5,0,-25,13,491.png,templete490.png
1539,38,50,7,43,45,15,5,-5,8,1,11,649.png,templete648.png
1540,49,0,0,50,31,32,1,31,32,14,-14,622.png,templete621.png
1541,47,35,2,50,32,8,3,-3,6,2,5,1094.png,templete1093.png
1542,50,37,50,14,42,39,-36,5,-11,13,-44,1131.png,templete1130.png
1543,0,0,0,19,17,0,19,17,0,-11,-2,690.png,templete689.png
1544,36,11,0,5,0,0,-31,-11,0,19,-15,1484.png,templete1483.png
1545,44,2,0,25,0,0,-19,-2,0,10,-12,1786.png,templete1785.png
1546,41,0,13,50,0,39,9,0,26,18,22,745.png,templete744.png
1547,13,13,32,0,0,27,-13,-13,-5,1,0,727.png,templete726.png
1548,0,50,0,0,50,0,0,0,0,0,-1,664.png,templete663.png
1549,0,50,0,15,50,13,15,0,13,0,5,1889.png,templete1888.png
1550,18,8,50,18,19,44,0,11,-6,-4,-12,1409.png,templete1408.png
1551,50,26,50,12,50,11,-38,24,-39,-16,-78,1177.png,templete1176.png
1552,50,50,41,50,50,50,0,0,9,11,3,669.png,templete668.png
1553,43,40,25,13,50,28,-30,10,3,24,-38,1879.png,templete1878.png
1554,0,50,0,0,50,0,0,0,0,0,-1,663.png,templete662.png
1555,20,0,50,10,33,15,-10,33,-35,-35,-44,254.png,templete253.png
1556,30,0,24,50,0,50,20,0,26,12,27,230.png,templete229.png
1557,50,10,11,50,35,19,0,25,8,-6,-23,1104.png,templete1103.png
1558,50,36,6,50,41,0,0,5,-6,-8,-8,1509.png,templete1508.png
1559,15,22,35,22,0,47,7,-22,12,10,24,405.png,templete404.png
1560,16,50,50,32,50,50,16,0,0,-11,10,1085.png,templete1084.png
1561,17,50,34,27,50,29,10,0,-5,-10,4,1370.png,templete1369.png
1562,36,7,50,43,0,50,7,-7,0,-4,13,1548.png,templete1547.png
1563,13,0,22,8,0,17,-5,0,-5,0,-3,506.png,templete505.png
1564,30,2,26,50,0,6,20,-2,-20,-28,11,834.png,templete833.png
1565,2,29,0,36,27,0,34,-2,0,-22,24,1725.png,templete1724.png
1566,10,50,50,0,15,50,-10,-35,0,13,33,1540.png,templete1539.png
1567,0,0,0,25,0,0,25,0,0,-13,14,1207.png,templete1206.png
1568,0,42,13,0,50,48,0,8,35,35,-8,1075.png,templete1074.png
1569,0,0,2,0,34,24,0,34,22,10,-25,938.png,templete937.png
1570,30,50,47,25,50,19,-5,0,-28,-28,-17,754.png,templete753.png
1571,50,46,0,50,20,0,0,-26,0,6,32,1865.png,templete1864.png
1572,27,0,29,45,0,27,18,0,-2,-14,19,567.png,templete566.png
1573,37,18,17,50,50,41,13,32,24,4,-14,668.png,templete667.png
1574,50,50,0,30,14,24,-20,-36,24,44,33,362.png,templete361.png
1575,10,26,6,29,50,44,19,24,38,12,-4,7.png,templete6.png
1576,37,50,31,37,17,50,0,-33,19,21,43,16.png,templete15.png
1577,33,2,50,45,0,35,12,-2,-15,-21,7,192.png,templete191.png
1578,39,0,43,28,38,50,-11,38,7,9,-41,321.png,templete320.png
1579,0,14,50,24,41,28,24,27,-22,-39,-23,1910.png,templete1909.png
1580,46,30,12,50,0,47,4,-30,35,42,49,1188.png,templete1187.png
1581,44,0,35,24,31,50,-20,31,15,25,-38,1268.png,templete1267.png
1582,0,0,0,0,0,0,0,0,0,0,0,1206.png,templete1205.png
1583,50,50,46,21,43,50,-29,-7,4,32,-16,612.png,templete611.png
1584,36,0,37,50,0,50,14,0,13,1,23,1667.png,templete1666.png
1585,6,33,11,6,6,0,0,-27,-11,-4,21,144.png,templete143.png
1586,16,25,38,50,36,2,34,11,-36,-62,3,1279.png,templete1278.png
1587,8,0,17,18,0,0,10,0,-17,-15,2,507.png,templete506.png
1588,17,9,0,12,9,19,-5,0,19,13,3,132.png,templete131.png
1589,50,48,28,18,50,0,-32,2,-28,-5,-41,1698.png,templete1697.png
1590,12,27,50,22,50,50,10,23,0,-11,-20,206.png,templete205.png
1591,0,5,1,27,32,19,27,27,18,-9,-4,588.png,templete587.png
1592,15,50,38,40,17,50,25,-33,12,1,66,1393.png,templete1392.png
1593,26,10,9,7,36,0,-19,26,-9,-1,-39,1327.png,templete1326.png
1594,0,20,0,15,47,0,15,27,0,-16,-26,391.png,templete390.png
1595,20,50,43,0,45,50,-20,-5,7,22,-7,1098.png,templete1097.png
1596,0,31,9,8,31,24,8,0,15,9,5,1886.png,templete1885.png
1597,25,31,50,25,44,31,0,13,-19,-24,-26,1029.png,templete1028.png
1598,17,16,0,32,9,23,15,-7,23,5,23,1877.png,templete1876.png
